0 5282
1 5202
2 5202
3 5202
4 5202
5 5202
6 5202
7 5202
8 5282
9 5282
10 5202
11 5202
12 5282
13 5202
14 5282
15 5202
16 5282
17 5282
18 5282
19 5282
20 5202
21 5202
22 5282
23 5202
24 5202
25 5202
26 5202
27 5202
28 5282
29 5202
30 5202
31 5282
32 5282
33 5202
34 5282
35 5202
36 5202
37 5282
38 5202
39 5202
40 5282
41 5202
42 5202
43 5202
44 5202
45 5202
46 5202
47 5202
48 5202
49 5202
50 5282
51 5202
52 5202
53 5202
54 5202
55 5202
56 5202
57 5202
58 5202
59 5202
60 5202
61 5202
62 5202
63 5202
64 5202
65 5202
66 5202
67 5202
68 5202
69 5202
70 5125
71 5125
72 5125
73 5125
74 5125
75 5125
76 5125
77 5125
78 5125
79 5125
80 5125
81 5125
82 5125
83 5125
84 5125
85 5125
86 5125
87 5125
88 5125
89 5125
90 5125
91 5125
92 5125
93 5125
94 5125
95 5125
96 5125
97 5125
98 5125
99 5125
100 5125
101 5125
102 5125
103 5125
104 5125
105 5125
106 5125
107 5125
108 5125
109 5125
110 5125
111 5125
112 5125
