0 0
1 8343
2 8343
3 8343
4 8343
5 8146
6 8146
7 8343
8 7959
9 7959
10 8146
11 0
12 7959
13 7608
14 7444
15 7287
16 7137
17 6992
18 6720
19 6592
20 6349
21 6349
22 6018
23 5915
24 5815
25 5626
26 5448
27 5282
28 5125
29 4977
30 4838
31 4643
32 4521
33 4350
34 4192
35 3998
36 3864
37 3659
38 3546
39 3406
40 3216
41 3073
42 2917
43 2822
44 2669
45 2514
46 2376
47 2208
48 2027
49 1915
50 1759
51 1618
52 1492
53 1336
54 1206
55 1127
56 1006
57 985
58 985
59 977
60 977
61 977
62 977
63 958
64 958
65 932
66 925
67 925
68 927
69 927
