0 0
1 8550
2 8550
3 8767
4 8550
5 8550
6 8550
7 8550
8 8550
9 8767
10 8550
11 8550
12 8550
13 8767
14 8550
15 8767
16 8343
17 8146
18 8146
19 8343
20 8146
21 7959
22 7959
23 7959
24 7608
25 7779
26 7608
27 7608
28 7608
29 7444
30 7287
31 7287
32 7137
33 6853
34 6853
35 6720
36 6720
37 6592
38 6468
39 6468
40 6349
41 6349
42 6235
43 6235
44 6235
45 6124
46 5915
47 5915
48 5815
49 5815
50 5626
51 5626
52 5535
53 5535
54 5364
55 5282
56 5202
57 5125
58 4977
59 4977
60 4906
61 4838
62 4706
63 4706
64 4581
65 4463
66 4406
67 4350
68 4243
69 4192
70 4093
71 3998
72 3998
73 3864
74 3779
75 3698
76 3583
77 3510
78 3406
79 3373
80 3277
81 3246
82 3157
83 3101
84 3019
85 2942
86 2869
87 2799
88 2754
89 2669
90 2589
91 2532
92 2443
93 2359
94 2297
95 2252
96 2167
97 2076
98 2015
99 1947
100 1863
101 1804
102 1715
103 1634
104 1567
105 1499
106 1431
107 1363
108 1263
109 1157
110 1091
111 1017
112 985
113 966
