0 0
1 8550
2 0
3 8767
4 8146
5 8343
6 8550
7 0
8 0
9 9757
10 0
11 9235
12 9757
13 0
14 0
15 9489
16 0
17 8550
18 0
19 0
20 9235
21 0
22 7779
23 0
24 0
25 0
26 8995
27 0
28 0
29 7287
30 0
31 7779
32 0
33 0
34 0
35 7779
36 9757
37 7287
38 7608
39 7444
40 0
41 9235
42 0
43 0
44 0
45 6992
46 0
47 7959
48 0
49 6592
50 0
51 0
52 6468
53 0
54 6124
55 0
56 0
57 0
58 0
59 5815
60 0
61 5535
62 0
63 6592
64 0
65 0
66 5125
67 0
68 5815
69 0
70 0
71 5282
72 0
73 0
74 7287
75 4406
76 0
77 0
78 6720
79 0
80 0
81 6992
82 6720
83 3779
84 0
85 6720
86 0
87 7959
88 0
89 5050
90 7608
91 4581
92 3659
93 8995
94 4045
95 4045
96 4045
97 4045
98 3998
99 4045
100 3998
101 3998
102 3998
103 3864
104 3864
105 3864
106 3821
