0 0
1 0
2 0
3 0
4 0
5 0
6 0
7 0
8 0
9 0
10 0
11 0
12 0
13 0
14 0
15 8995
16 0
17 0
18 9757
19 8995
20 0
21 0
22 0
23 0
24 0
25 8550
26 0
27 0
28 0
29 0
30 0
31 8767
32 0
33 0
34 0
35 0
36 0
37 7444
38 7444
39 0
40 8343
41 8146
42 0
43 8767
44 7779
45 8767
46 7779
47 0
48 0
49 0
50 0
51 0
52 8767
53 6853
54 7779
55 0
56 0
57 0
58 0
59 6124
60 0
61 6124
62 6124
63 0
64 0
65 0
66 0
67 5125
68 0
69 0
70 0
71 0
72 0
73 0
74 0
75 8550
76 0
77 5364
78 0
79 0
80 6992
81 0
82 5535
83 0
84 5535
85 9757
86 0
87 8146
88 4906
89 4977
90 4977
91 4977
92 4977
93 5050
94 5050
95 4977
96 4977
97 4977
98 4906
99 4771
100 4838
101 4771
102 4771
103 4706
104 4706
105 4706
106 4706
107 4643
108 4706
109 4706
110 4643
111 4581
112 4581
113 4521
114 4521
115 4521
116 4521
117 4521
118 4521
119 4581
120 4521
