0 0
1 8767
2 8550
3 8767
4 8767
5 8767
6 8550
7 8343
8 8550
9 8550
10 8343
11 8343
12 7959
13 8343
14 0
15 8146
16 8146
17 8146
18 7959
19 7959
20 7959
21 7779
22 7608
23 7608
24 7444
25 7444
26 7287
27 6992
28 6992
29 6992
30 6720
31 6853
32 6592
33 6592
34 6468
35 6468
36 6349
37 6235
38 6124
39 6124
40 6018
41 6018
42 5915
43 5719
44 5719
45 5535
46 5535
47 5448
48 5364
49 5282
50 5202
51 5125
52 4977
53 4906
54 4906
55 4838
56 4706
57 4643
58 4581
59 4463
60 4350
61 4296
62 4243
63 4093
64 4045
65 3998
66 3952
67 3821
68 3738
69 3659
70 3583
71 3546
72 3440
73 3373
74 3309
75 3246
76 3157
77 3129
78 3019
79 2942
80 2845
81 2777
82 2733
83 2649
84 2570
85 2496
86 2426
87 2343
88 2266
89 2208
90 2140
91 2076
92 2015
93 1925
94 1863
95 1786
96 1715
97 1641
98 1532
99 1449
100 1385
101 1316
102 1263
103 1223
104 1181
105 1185
