0 0
1 8146
2 8550
3 0
4 0
5 0
6 0
7 0
8 8343
9 0
10 8343
11 7608
12 0
13 8343
14 8343
15 0
16 0
17 0
18 8550
19 8767
20 0
21 8146
22 8343
23 0
24 8146
25 0
26 8146
27 0
28 8343
29 0
30 8146
31 7608
32 7287
33 0
34 7444
35 0
36 7287
37 6992
38 6853
39 6992
40 6853
41 6720
42 0
43 0
44 0
45 6349
46 9235
47 0
48 6992
49 5915
50 8146
51 0
52 0
53 9757
54 0
55 0
56 9489
57 0
58 5125
59 5125
60 5050
61 6720
62 8767
63 6018
64 4977
65 5364
66 0
67 4581
68 4643
69 4581
70 4463
71 4406
72 4296
73 4243
74 4142
75 4093
76 3998
77 3907
78 3821
79 3738
80 3659
81 3583
82 3510
83 3406
84 3341
85 3246
86 3186
87 3073
88 2967
89 2893
90 2799
91 2733
92 2669
93 2570
94 2496
95 2426
96 2359
97 2266
98 2208
99 2140
100 2051
101 1958
102 1904
103 1833
104 1768
105 1698
106 1618
107 1539
108 1467
109 1379
110 1306
111 1232
112 1146
113 1088
114 1052
115 1026
116 1017
117 1006
118 985
119 953
120 925
121 905
122 896
123 898
124 898
125 898
126 896
127 896
128 898
129 898
130 898
