0 0
1 8767
2 8995
3 8767
4 8767
5 8767
6 8767
7 8767
8 8767
9 8767
10 8550
11 8550
12 8550
13 8550
14 8343
15 8343
16 8343
17 8146
18 8146
19 8146
20 7959
21 8146
22 7779
23 8146
24 7779
25 7608
26 7608
27 7608
28 7444
29 7444
30 7287
31 7137
32 7287
33 6992
34 6992
35 6992
36 6853
37 6720
38 6720
39 6720
40 6468
41 6468
42 6349
43 6349
44 6349
45 6235
46 6124
47 6018
48 6018
49 5915
50 5915
51 5626
52 5626
53 5535
54 5535
55 5364
56 5282
57 5202
58 5202
59 5125
60 5050
61 4906
62 4906
63 4771
64 4706
65 4581
66 4521
67 4463
68 4350
69 4296
70 4192
71 4142
72 4045
73 3998
74 3907
75 3821
76 3779
77 3698
78 3621
79 3546
80 3475
81 3373
82 3309
83 3216
84 3157
85 3101
86 3019
87 2942
88 2869
89 2777
90 2733
91 2629
92 2570
93 2496
94 2443
95 2392
96 2297
97 2237
98 2153
99 2076
100 2039
101 1947
102 0
103 0
104 0
105 0
106 0
107 0
108 0
109 0
110 0
111 0
112 0
113 0
114 0
115 0
116 0
