0 0
1 0
2 0
3 0
4 0
5 0
6 0
7 0
8 0
9 0
10 0
11 0
12 0
13 0
14 0
15 0
16 0
17 8995
18 0
19 0
20 0
21 8767
22 0
23 0
24 0
25 0
26 9235
27 0
28 8550
29 0
30 0
31 0
32 0
33 0
34 0
35 0
36 0
37 0
38 0
39 8146
40 0
41 0
42 7287
43 0
44 7608
45 7287
46 7137
47 7137
48 0
49 0
50 0
51 6349
52 0
53 8550
54 7287
55 6349
56 7137
57 6468
58 9489
59 0
60 6349
61 0
62 0
63 6235
64 6468
65 0
66 5202
67 0
68 0
69 0
70 0
71 5050
72 0
73 8146
74 0
75 0
76 0
77 0
78 4581
79 5282
80 0
81 5282
82 5282
83 5202
84 5282
85 5202
86 5202
87 5202
88 5125
89 5050
90 5050
91 5050
92 5050
93 4977
94 4977
95 4977
96 4977
97 4977
98 4977
99 4906
100 4906
101 4906
102 4906
103 4906
104 4906
105 4838
106 4771
107 4706
108 4706
109 4706
110 4706
111 4706
