0 0
1 8550
2 0
3 0
4 0
5 0
6 0
7 0
8 9757
9 0
10 0
11 9757
12 0
13 0
14 0
15 0
16 9235
17 0
18 0
19 0
20 0
21 0
22 0
23 0
24 8767
25 0
26 8995
27 8343
28 7779
29 8550
30 0
31 7287
32 0
33 7959
34 0
35 6468
36 0
37 6992
38 9489
39 9489
40 9235
41 9235
42 9235
43 9489
44 9489
45 9757
46 9489
47 9489
48 9235
49 9757
50 9489
51 9489
52 9489
53 9489
54 9489
55 9235
56 9235
57 8995
58 8995
59 8995
60 8767
61 8767
62 8767
63 8767
64 8550
65 8550
66 8767
67 8550
68 8550
69 8343
70 8343
71 8550
72 8550
73 8550
74 8550
75 8550
76 8767
77 8550
78 8550
79 8550
80 8343
81 8146
82 8146
83 8146
84 7959
85 7959
86 7959
87 7959
88 7959
89 7779
90 7779
91 7779
92 7779
93 7779
94 7779
95 7779
96 7779
97 7608
98 7779
99 7608
100 7444
101 7444
102 7444
103 7287
104 7287
105 7444
106 7287
107 7137
108 6853
109 6720
