0 0 0 0 0 0
0 0 0 0 0 0
0 0 0 0 0 0
0 0 0 0 0 0
0 0 0 0 0 0
0 0 0 0 0 0
0 0 0 0 0 0
0 0 0 0 0 0
0 0 0 0 0 0
0 0 0 0 0 0
368 256 0 0 0 0
370 256 0 0 0 0
371 228 0 0 0 0
373 228 0 0 0 0
372 230 0 0 0 0
372 233 0 0 0 0
527 244 0 0 0 0
534 233 0 0 0 0
538 224 0 0 0 0
538 222 0 0 0 0
536 222 0 0 0 0
528 229 0 0 0 0
494 269 0 0 0 0
489 274 0 0 0 0
488 274 0 0 0 0
489 272 0 0 0 0
490 272 0 0 0 0
490 272 0 0 0 0
493 274 0 0 0 0
495 276 0 0 0 0
497 278 0 0 0 0
497 278 0 0 0 0
499 276 0 0 0 0
500 274 0 0 0 0
501 274 0 0 0 0
502 274 0 0 0 0
505 275 0 0 0 0
507 275 0 0 0 0
461 292 0 0 0 0
380 303 0 0 0 0
394 288 0 0 0 0
476 283 0 0 0 0
474 283 0 0 0 0
473 338 0 0 0 0
475 264 0 0 0 0
473 290 0 0 0 0
479 290 0 0 0 0
485 291 0 0 0 0
486 292 0 0 0 0
485 295 0 0 0 0
485 296 0 0 0 0
504 323 0 0 0 0
504 323 0 0 0 0
504 323 0 0 0 0
504 323 0 0 0 0
504 323 0 0 0 0
504 323 0 0 0 0
504 323 0 0 0 0
504 323 0 0 0 0
504 323 0 0 0 0
473 296 0 0 0 0
472 301 0 0 0 0
477 310 0 0 0 0
478 306 0 0 0 0
478 306 0 0 0 0
478 306 0 0 0 0
478 306 0 0 0 0
478 306 0 0 0 0
478 306 0 0 0 0
478 306 0 0 0 0
478 306 0 0 0 0
478 306 0 0 0 0
478 306 0 0 0 0
478 306 0 0 0 0
478 306 0 0 0 0
478 306 0 0 0 0
478 306 0 0 0 0
478 306 0 0 0 0
478 306 0 0 0 0
478 306 0 0 0 0
478 306 0 0 0 0
478 306 0 0 0 0
478 306 0 0 0 0
478 306 0 0 0 0
478 306 0 0 0 0
478 306 0 0 0 0
478 306 0 0 0 0
478 306 0 0 0 0
478 306 0 0 0 0
358 305 0 0 0 0
210 162 0 0 0 0
58 33 0 0 0 0
59 31 0 0 0 0
59 30 0 0 0 0
59 28 0 0 0 0
53 22 0 0 0 0
88 14 0 0 0 0
160 10 0 0 0 0
111 6 0 0 0 0
68 0 0 0 0 0
67 2 0 0 0 0
80 9 0 0 0 0
89 13 0 0 0 0
95 16 0 0 0 0
216 76 0 0 0 0
305 121 0 0 0 0
306 123 0 0 0 0
169 33 0 0 0 0
358 164 0 0 0 0
446 224 0 0 0 0
444 223 0 0 0 0
442 226 0 0 0 0
444 234 0 0 0 0
452 248 0 0 0 0
459 261 0 0 0 0
316 171 0 0 0 0
80 32 0 0 0 0
67 30 0 0 0 0
69 31 0 0 0 0
73 94 0 0 0 0
78 40 0 0 0 0
75 38 0 0 0 0
74 38 0 0 0 0
73 38 0 0 0 0
71 36 0 0 0 0
69 36 0 0 0 0
64 35 0 0 0 0
62 34 0 0 0 0
62 32 0 0 0 0
63 58 0 0 0 0
74 30 0 0 0 0
77 32 0 0 0 0
75 32 0 0 0 0
76 33 0 0 0 0
76 34 0 0 0 0
76 36 0 0 0 0
77 37 0 0 0 0
77 38 0 0 0 0
77 38 0 0 0 0
74 38 0 0 0 0
71 39 0 0 0 0
70 40 0 0 0 0
70 41 0 0 0 0
71 43 0 0 0 0
70 46 0 0 0 0
70 46 0 0 0 0
70 46 0 0 0 0
70 46 0 0 0 0
70 46 0 0 0 0
70 46 0 0 0 0
70 46 0 0 0 0
70 46 0 0 0 0
70 46 0 0 0 0
70 46 0 0 0 0
70 46 0 0 0 0
70 46 0 0 0 0
70 46 0 0 0 0
70 46 0 0 0 0
70 46 0 0 0 0
70 46 0 0 0 0
70 46 0 0 0 0
70 46 0 0 0 0
70 46 0 0 0 0
70 46 0 0 0 0
70 46 0 0 0 0
70 46 0 0 0 0
70 46 0 0 0 0
70 46 0 0 0 0
70 46 0 0 0 0
70 46 0 0 0 0
70 46 0 0 0 0
70 46 0 0 0 0
70 46 0 0 0 0
70 46 0 0 0 0
70 46 0 0 0 0
62 63 0 0 0 0
415 196 0 0 0 0
443 228 0 0 0 0
477 268 0 0 0 0
478 273 0 0 0 0
481 285 0 0 0 0
482 294 0 0 0 0
484 299 0 0 0 0
485 304 0 0 0 0
484 306 0 0 0 0
484 306 0 0 0 0
483 306 0 0 0 0
483 306 0 0 0 0
483 306 0 0 0 0
483 306 0 0 0 0
483 306 0 0 0 0
483 306 0 0 0 0
483 306 0 0 0 0
483 306 0 0 0 0
483 306 0 0 0 0
483 306 0 0 0 0
483 306 0 0 0 0
483 306 0 0 0 0
483 306 0 0 0 0
483 306 0 0 0 0
483 306 0 0 0 0
483 306 0 0 0 0
483 306 0 0 0 0
483 306 0 0 0 0
483 306 0 0 0 0
483 306 0 0 0 0
483 306 0 0 0 0
483 306 0.00166112 -0.00393157 1.55412 5.448
483 306 0.000236737 -0.00216181 1.55246 5.45193
483 306 6.745e-06 0.00688348 1.55388 5.45016
446 254 0.00227434 0.0153118 1.55411 5.44112
470 302 0.00104547 0.0278413 1.55184 5.43269
384 272 0.00236061 0.0313558 1.55307 5.42016
357 303 0.00357818 0.0442882 1.55176 5.41664
357 303 0.00147064 0.0575537 1.55054 5.40371
357 303 0.00217201 0.0698518 1.55265 5.39045
357 303 0.00361733 0.0747953 1.55194 5.37815
357 303 0.0037376 0.0855032 1.5505 5.3732
357 303 0.00389501 0.0937256 1.55038 5.3625
357 303 0.00181459 0.104748 1.55022 5.35427
357 303 0.00292265 0.114799 1.5523 5.34325
357 303 0.00376088 0.123748 1.55119 5.3332
357 303 0.00447845 0.134096 1.55036 5.32425
357 303 0.00494891 0.143649 1.54964 5.3139
357 303 0.00461004 0.155291 1.54917 5.30435
357 303 0.00422702 0.168667 1.54951 5.29271
357 303 0.00331217 0.18193 1.54989 5.27933
357 303 0.00590825 0.187305 1.5508 5.26607
357 303 0.00522977 0.196434 1.54821 5.26069
357 303 0.00554882 0.208525 1.54889 5.25157
357 303 0.00771699 0.212301 1.54857 5.23948
357 303 0.00886228 0.22433 1.5464 5.2357
357 303 0.00641942 0.22694 1.54525 5.22367
357 303 0.00591448 0.229834 1.5477 5.22106
357 303 0.00578854 0.241281 1.5482 5.21817
357 303 0.00678149 0.253259 1.54833 5.20672
357 303 0.00626018 0.267984 1.54734 5.19474
357 303 0.00640863 0.269757 1.54786 5.18002
357 303 0.00783674 0.272084 1.54771 5.17824
357 303 0.00731302 0.273236 1.54628 5.17592
357 303 0.00755911 0.286471 1.5468 5.17476
357 303 0.00738204 0.29843 1.54656 5.16153
357 303 0.00556708 0.314231 1.54673 5.14957
357 303 0.00433583 0.315216 1.54855 5.13377
357 303 0.00451526 0.322665 1.54978 5.13278
357 303 0.00250958 0.33706 1.5496 5.12534
357 303 0.00331816 0.350343 1.55161 5.11094
357 303 0.0030867 0.362194 1.5508 5.09766
357 303 0.00376788 0.373956 1.55103 5.08581
357 303 0.00353578 0.387046 1.55035 5.07404
357 303 0.00474441 0.388416 1.55058 5.06095
357 303 0.00576598 0.392118 1.54937 5.05958
357 303 0.00520162 0.406506 1.54835 5.05588
357 303 0.00462488 0.408487 1.54892 5.04149
357 303 0.00698104 0.411153 1.54949 5.03951
357 303 0.00746343 0.415963 1.54714 5.03685
357 303 0.00720182 0.42127 1.54665 5.03204
357 303 0.0060515 0.436099 1.54691 5.02673
357 303 0.00719475 0.439595 1.54807 5.0119
357 303 0.00866515 0.444605 1.54692 5.00841
357 303 0.00749638 0.458637 1.54545 5.00339
357 303 0.00529272 0.468439 1.54662 4.98936
357 303 0.00548592 0.478535 1.54882 4.97956
357 303 0.00539753 0.485289 1.54863 4.96946
357 303 0.00623225 0.492009 1.54872 4.96271
357 303 0.00554534 0.504045 1.54788 4.95599
357 303 0.00584287 0.517053 1.54857 4.94395
357 303 0.00674296 0.515677 1.54827 4.93095
357 303 0.00752055 0.516726 1.54737 4.93232
357 303 0.00754027 0.524055 1.5466 4.93127
357 303 0.008096 0.534432 1.54658 4.92394
357 303 0.00800929 0.537252 1.54602 4.91357
357 303 0.00716331 0.551828 1.54611 4.91075
357 303 0.00842174 0.561068 1.54695 4.89617
357 303 0.00748931 0.573329 1.54569 4.88693
357 303 0.00857887 0.5828 1.54663 4.87467
357 303 0.00846265 0.587916 1.54554 4.8652
357 303 0.008286 0.599685 1.54565 4.86008
357 303 0.00950335 0.605455 1.54583 4.84832
357 303 0.0104676 0.607564 1.54461 4.84254
357 303 0.00903238 0.621801 1.54365 4.84044
357 303 0.00897942 0.632156 1.54508 4.8262
357 303 0.00844742 0.645813 1.54514 4.81584
357 303 0.00866452 0.6582 1.54567 4.80219
357 303 0.009542 0.66286 1.54545 4.7898
357 303 0.00905264 0.675994 1.54457 4.78514
357 303 0.00869586 0.690987 1.54506 4.77201
357 303 0.00673365 0.696384 1.54542 4.75701
357 303 0.00680404 0.708856 1.54738 4.75162
357 303 0.00708807 0.719788 1.54731 4.73914
357 303 0.00715419 0.731824 1.54703 4.72821
357 303 0.0075115 0.739263 1.54696 4.71618
357 303 0.00744901 0.7415 1.54661 4.70874
357 303 0.00736357 0.742821 1.54667 4.7065
357 303 0.00708007 0.753044 1.54675 4.70518
357 303 0.00786829 0.759018 1.54704 4.69496
357 303 0.00724282 0.768745 1.54625 4.68898
357 303 0.00751736 0.781191 1.54687 4.67925
357 303 0.00751741 0.795089 1.5466 4.66681
357 303 0.00611964 0.79769 1.5466 4.65291
357 303 0.00678799 0.806603 1.548 4.65031
357 303 0.00715631 0.818356 1.54733 4.6414
357 303 0.00709744 0.831833 1.54696 4.62964
357 303 0.00702735 0.845134 1.54702 4.61617
357 303 0.00684585 0.849921 1.54709 4.60287
357 303 0.00652878 0.861658 1.54727 4.59808
357 303 0.00676674 0.873767 1.54759 4.58634
357 303 0.00673229 0.879754 1.54735 4.57423
357 303 0.00794924 0.885929 1.54738 4.56825
357 303 0.00951739 0.894398 1.54617 4.56207
357 303 0.00930298 0.893742 1.5446 4.5536
357 303 0.00863918 0.902147 1.54481 4.55426
357 303 0.00775432 0.911669 1.54548 4.54585
357 303 0.00807033 0.928126 1.54636 4.53633
357 303 0.00625189 0.936029 1.54605 4.51987
357 303 0.00634077 0.946675 1.54786 4.51197
357 303 0.00771185 0.947298 1.54778 4.50133
357 303 0.00801117 0.952783 1.5464 4.5007
357 303 0.00661052 0.961646 1.54611 4.49522
357 303 0.00695042 0.974849 1.54751 4.48635
357 303 0.00735323 0.976799 1.54717 4.47315
357 303 0.00701724 0.987842 1.54676 4.4712
357 303 0.00619341 0.996413 1.5471 4.46016
357 303 0.00652275 1.00915 1.54792 4.45159
357 303 0.00729887 1.01711 1.54759 4.43885
357 303 0.00864125 1.02368 1.54682 4.43089
357 303 0.00730988 1.03207 1.54548 4.42432
357 303 0.00521511 1.03205 1.54681 4.41593
357 303 0.0071582 1.04061 1.5489 4.41595
357 303 0.00738606 1.05075 1.54696 4.40739
357 303 0.00893419 1.05568 1.54673 4.39725
357 303 0.0100853 1.06296 1.54518 4.39232
357 303 0.00944282 1.06406 1.54403 4.38504
357 303 0.0095527 1.0744 1.54467 4.38394
357 303 0.00970656 1.08199 1.54456 4.3736
357 303 0.00853088 1.08844 1.54441 4.36601
357 303 0.00820624 1.10072 1.54559 4.35956
357 303 0.00860118 1.11579 1.54591 4.34728
357 303 0.00970336 1.11642 1.54552 4.33221
357 303 0.0103938 1.11732 1.54441 4.33158
357 303 0.0112144 1.13061 1.54372 4.33068
357 303 0.0124356 1.14052 1.5429 4.31739
357 303 0.0137411 1.14999 1.54168 4.30748
357 303 0.0147196 1.15232 1.54038 4.29801
357 303 0.0147574 1.16574 1.5394 4.29568
357 303 0.016284 1.17169 1.53936 4.28226
357 303 0.017684 1.17822 1.53783 4.27631
357 303 0.0178953 1.18111 1.53643 4.26978
357 303 0.0198331 1.1888 1.53622 4.26689
357 303 0.0201607 1.20432 1.53428 4.2592
357 303 0.0212936 1.20852 1.53396 4.24368
357 303 0.0220816 1.22139 1.53282 4.23948
357 303 0.0227972 1.23388 1.53204 4.22661
357 303 0.0246537 1.24634 1.53132 4.21412
357 303 0.0247816 1.25071 1.52946 4.20166
357 303 0.0260626 1.25368 1.52934 4.19729
357 303 0.0265719 1.25538 1.52805 4.19432
357 303 0.0283056 1.25829 1.52754 4.19262
357 303 0.0279069 1.25938 1.52581 4.18971
357 303 0.0303524 1.26924 1.52621 4.18862
357 303 0.0303348 1.27157 1.52376 4.17876
357 303 0.0309322 1.28219 1.52378 4.17643
357 303 0.0302546 1.28497 1.52318 4.16581
357 303 0.0302477 1.28927 1.52386 4.16303
357 303 0.0306253 1.29477 1.52387 4.15873
357 303 0.0303184 1.29684 1.52349 4.15323
357 303 0.0317212 1.30967 1.5238 4.15116
357 303 0.0319253 1.30749 1.5224 4.13833
357 303 0.0319939 1.31588 1.52219 4.14051
357 303 0.0335814 1.32952 1.52212 4.13212
357 303 0.0351414 1.34427 1.52054 4.11848
357 303 0.0350386 1.34741 1.51898 4.10373
357 303 0.0359035 1.35482 1.51908 4.10059
357 303 0.0360246 1.35793 1.51821 4.09318
357 303 0.0374416 1.37087 1.51809 4.09007
357 303 0.0390918 1.38484 1.51668 4.07713
357 303 0.0413242 1.40189 1.51502 4.06316
357 303 0.0424063 1.40788 1.51279 4.04611
357 303 0.0412002 1.41933 1.51171 4.04012
357 303 0.0416 1.42384 1.51292 4.02867
357 303 0.0419783 1.42498 1.51252 4.02416
357 303 0.0419128 1.4274 1.51214 4.02302
357 303 0.042313 1.43056 1.5122 4.0206
357 303 0.0442684 1.44682 1.5118 4.01744
357 303 0.045144 1.448 1.50985 4.00118
357 303 0.046361 1.46142 1.50897 4
357 303 0.0476712 1.474 1.50776 3.98658
357 303 0.0486616 1.48639 1.50645 3.974
357 303 0.049252 1.49199 1.50546 3.96161
357 303 0.0509983 1.50616 1.50486 3.95601
357 303 0.0499742 1.5062 1.50312 3.94184
357 303 0.0489964 1.50671 1.50414 3.9418
357 303 0.0514437 1.52039 1.50512 3.94129
357 303 0.0515792 1.52663 1.50267 3.92761
357 303 0.0524422 1.53015 1.50254 3.92137
357 303 0.0533313 1.53949 1.50167 3.91785
357 303 0.0553627 1.55283 1.50079 3.90851
357 303 0.0561964 1.55733 1.49875 3.89517
357 303 0.0582185 1.56592 1.49792 3.89067
357 303 0.0565645 1.56529 1.4959 3.88208
357 303 0.0571288 1.56907 1.49755 3.88271
357 303 0.0591224 1.57896 1.49699 3.87893
357 303 0.0597481 1.58143 1.49499 3.86904
357 303 0.0608727 1.5871 1.49437 3.86657
357 303 0.0620428 1.59232 1.49324 3.8609
357 303 0.0626273 1.59585 1.49207 3.85568
357 303 0.0638204 1.59749 1.49149 3.85215
357 303 0.0637563 1.59841 1.4903 3.85051
357 303 0.0641015 1.59914 1.49036 3.84959
357 303 0.0655193 1.60594 1.49002 3.84886
357 303 0.0677552 1.617 1.4886 3.84206
357 303 0.0685105 1.62061 1.48636 3.831
357 303 0.0677988 1.62162 1.48561 3.82739
357 303 0.0708063 1.63727 1.48632 3.82638
357 303 0.0692994 1.6388 1.48331 3.81073
357 303 0.0711485 1.64655 1.48482 3.8092
357 303 0.0736867 1.65964 1.48297 3.80145
357 303 0.0801646 1.66643 1.48043 3.78836
357 303 0.0822723 1.68103 1.47395 3.78157
357 303 0.0857044 1.69511 1.47184 3.76697
357 303 0.0897932 1.70268 1.46841 3.75289
357 303 0.0924134 1.70725 1.46432 3.74532
357 303 0.0951447 1.71113 1.4617 3.74075
357 303 0.100809 1.71995 1.45897 3.73687
357 303 0.106019 1.72356 1.45331 3.72805
357 303 0.107835 1.72121 1.4481 3.72444
357 303 0.113398 1.72398 1.44628 3.72679
357 303 0.118966 1.73134 1.44072 3.72402
357 303 0.125054 1.73696 1.43515 3.71666
357 303 0.131463 1.74352 1.42906 3.71104
357 303 0.138831 1.75104 1.42265 3.70448
357 303 0.145206 1.75536 1.41529 3.69696
357 303 0.161011 1.7596 1.40891 3.69264
357 303 0.169485 1.76898 1.39311 3.6884
357 303 0.1779 1.7767 1.38463 3.67902
357 303 0.18623 1.78543 1.37622 3.6713
357 303 0.195211 1.79375 1.36789 3.66257
357 303 0.204276 1.80297 1.35891 3.65425
357 303 0.213585 1.80823 1.34984 3.64503
357 303 0.222909 1.81677 1.34053 3.63977
357 303 0.245129 1.82381 1.33121 3.63123
357 303 0.25359 1.82814 1.30899 3.62419
357 303 0.267148 1.83574 1.30053 3.61986
357 303 0.276699 1.84179 1.28697 3.61226
357 303 0.280891 1.84254 1.27742 3.60621
357 303 0.281632 1.84516 1.27323 3.60546
357 303 0.285661 1.85152 1.27248 3.60284
357 303 0.290074 1.85999 1.26846 3.59648
357 303 0.295102 1.86564 1.26404 3.58801
357 303 0.300481 1.87158 1.25901 3.58236
357 303 0.301623 1.87295 1.25364 3.57642
357 303 0.306634 1.8772 1.25249 3.57505
357 303 0.307552 1.88371 1.24748 3.5708
357 303 0.308582 1.89024 1.24656 3.56429
357 303 0.314562 1.89911 1.24554 3.55776
357 303 0.316629 1.90418 1.23955 3.54889
357 303 0.319609 1.91112 1.23749 3.54382
357 303 0.321681 1.91385 1.23451 3.53688
357 303 0.324951 1.91472 1.23244 3.53415
357 303 0.328643 1.91754 1.22917 3.53328
357 303 0.332951 1.91777 1.22547 3.53046
357 303 0.339895 1.91949 1.22117 3.53023
357 303 0.340617 1.92658 1.21422 3.52851
357 303 0.345087 1.92925 1.2135 3.52142
357 303 0.350215 1.93769 1.20903 3.51875
357 303 0.357464 1.94005 1.2039 3.51031
357 303 0.358655 1.94589 1.19665 3.50795
357 303 0.362361 1.94923 1.19546 3.50211
357 303 0.37304 1.95352 1.19176 3.49877
357 303 0.379759 1.96048 1.18108 3.49448
357 303 0.382476 1.96477 1.17436 3.48752
357 303 0.384086 1.96599 1.17164 3.48323
357 303 0.388313 1.97017 1.17003 3.48201
357 303 0.398889 1.98113 1.1658 3.47783
357 303 0.412349 1.98553 1.15523 3.46687
357 303 0.418912 1.99089 1.14177 3.46247
357 303 0.414733 1.99533 1.1352 3.45711
357 303 0.422054 2.00051 1.13938 3.45267
357 303 0.433267 2.00425 1.13206 3.44749
357 303 0.443002 2.01121 1.12085 3.44375
357 303 0.443158 2.01586 1.11111 3.43679
357 303 0.443329 2.0168 1.11096 3.43214
357 303 0.446432 2.02311 1.11079 3.4312
357 303 0.449896 2.02915 1.10768 3.42489
357 303 0.450826 2.03423 1.10422 3.41885
357 303 0.457577 2.03849 1.10329 3.41377
357 303 0.460316 2.04185 1.09654 3.40951
357 303 0.464166 2.04777 1.0938 3.40615
357 303 0.471446 2.05008 1.08995 3.40023
357 303 0.478401 2.05765 1.08267 3.39792
357 303 0.487035 2.06473 1.07572 3.39035
357 303 0.490746 2.06442 1.06708 3.38327
357 303 0.495902 2.07038 1.06337 3.38358
357 303 0.498832 2.07255 1.05821 3.37762
357 303 0.502673 2.07834 1.05528 3.37545
357 303 0.507591 2.08421 1.05144 3.36966
357 303 0.51377 2.08547 1.04653 3.36379
357 303 0.517751 2.09158 1.04035 3.36253
357 303 0.5236 2.09455 1.03637 3.35642
357 303 0.532819 2.09828 1.03052 3.35345
357 303 0.543166 2.10442 1.0213 3.34972
357 303 0.553852 2.10948 1.01095 3.34358
357 303 0.554356 2.11461 1.00026 3.33852
357 303 0.563621 2.1198 0.999761 3.33339
357 303 0.567085 2.12172 0.990496 3.3282
357 303 0.574747 2.12342 0.987032 3.32628
357 303 0.581632 2.12593 0.97937 3.32458
357 303 0.586932 2.13226 0.972484 3.32207
357 303 0.595701 2.13514 0.967185 3.31574
357 303 0.596956 2.13484 0.958416 3.31286
357 303 0.598352 2.13897 0.957161 3.31316
357 303 0.600479 2.14309 0.955764 3.30903
357 303 0.609 2.14608 0.953637 3.30491
357 303 0.617251 2.15222 0.945117 3.30192
357 303 0.620483 2.15832 0.936866 3.29578
357 303 0.628818 2.16233 0.933634 3.28968
357 303 0.631695 2.16821 0.925299 3.28567
357 303 0.635671 2.17421 0.922422 3.27979
357 303 0.636637 2.17522 0.918446 3.27379
357 303 0.639423 2.18225 0.91748 3.27278
357 303 0.641359 2.18533 0.914694 3.26575
357 303 0.649015 2.19105 0.912758 3.26267
357 303 0.654747 2.19349 0.905101 3.25695
357 303 0.6628 2.20077 0.89937 3.25451
357 303 0.666514 2.20142 0.891317 3.24723
357 303 0.666351 2.20215 0.887602 3.24658
357 303 0.671086 2.20795 0.887766 3.24585
357 303 0.680028 2.21285 0.883031 3.24005
357 303 0.687335 2.21705 0.874089 3.23515
357 303 0.689113 2.22246 0.866782 3.23095
357 303 0.696411 2.22887 0.865003 3.22554
357 303 0.699947 2.2315 0.857706 3.21913
357 303 0.703949 2.23705 0.854169 3.2165
357 303 0.709637 2.24182 0.850167 3.21095
357 303 0.716853 2.24796 0.84448 3.20618
357 303 0.723851 2.25302 0.837264 3.20004
357 303 0.729525 2.25677 0.830266 3.19498
357 303 0.736133 2.2618 0.824592 3.19123
357 303 0.743542 2.26685 0.817983 3.1862
357 303 0.751816 2.26878 0.810575 3.18115
357 303 0.757983 2.27343 0.802301 3.17922
357 303 0.765963 2.27914 0.796134 3.17457
357 303 0.772749 2.28344 0.788154 3.16886
357 303 0.780537 2.28677 0.781368 3.16456
357 303 0.786287 2.29158 0.77358 3.16123
357 303 0.794688 2.29293 0.76783 3.15642
357 303 0.798655 2.29804 0.759429 3.15507
357 303 0.804968 2.30335 0.755462 3.14996
357 303 0.812167 2.30796 0.749148 3.14465
357 303 0.81833 2.31058 0.74195 3.14004
357 303 0.822829 2.31253 0.735787 3.13742
357 303 0.829678 2.31408 0.731288 3.13547
357 303 0.834123 2.31509 0.724439 3.13392
357 303 0.838142 2.31984 0.719993 3.13291
357 303 0.845438 2.32518 0.715974 3.12816
357 303 0.851633 2.33009 0.708678 3.12282
357 303 0.858184 2.33353 0.702484 3.11791
357 303 0.865103 2.33968 0.695933 3.11447
357 303 0.870148 2.34165 0.689014 3.10832
357 303 0.876083 2.34738 0.683969 3.10635
357 303 0.882487 2.35327 0.678033 3.10062
357 303 0.888823 2.358 0.671629 3.09473
357 303 0.896303 2.35933 0.665294 3.09
357 303 0.897023 2.35867 0.657814 3.08867
357 303 0.904486 2.36533 0.657094 3.08933
357 303 0.912674 2.3717 0.64963 3.08267
357 303 0.919534 2.37804 0.641443 3.0763
357 303 0.927524 2.38015 0.634583 3.06996
357 303 0.927998 2.38414 0.626592 3.06785
357 303 0.934891 2.39026 0.626118 3.06386
357 303 0.942971 2.3962 0.619226 3.05774
357 303 0.945678 2.39734 0.611146 3.0518
357 303 0.952991 2.40198 0.608438 3.05066
357 303 0.961678 2.4075 0.601125 3.04602
357 303 0.969789 2.41411 0.592439 3.0405
357 303 0.976276 2.41841 0.584328 3.03389
357 303 0.983127 2.425 0.577841 3.02959
357 303 0.991624 2.42971 0.570989 3.023
357 303 0.9983 2.43573 0.562493 3.01829
357 303 1.00705 2.44098 0.555816 3.01227
357 303 1.01527 2.44488 0.54707 3.00702
357 303 1.02292 2.45144 0.538844 3.00312
357 303 1.02932 2.45519 0.531201 2.99656
357 303 1.03719 2.4602 0.524796 2.99281
357 303 1.04709 2.46543 0.516926 2.9878
357 303 1.05273 2.47084 0.507024 2.98257
357 303 1.06026 2.47319 0.50139 2.97716
357 303 1.06737 2.47959 0.493858 2.97481
357 303 1.07681 2.484 0.486751 2.96841
357 303 1.0839 2.48957 0.477308 2.964
357 303 1.09235 2.49511 0.470214 2.95843
357 303 1.10074 2.49965 0.46177 2.95289
357 303 1.10709 2.50544 0.453372 2.94835
357 303 1.11491 2.50784 0.447027 2.94256
357 303 1.12428 2.51244 0.439205 2.94016
357 303 1.13182 2.51597 0.429833 2.93556
357 303 1.1368 2.5175 0.4223 2.93203
357 303 1.14461 2.52339 0.417315 2.9305
357 303 1.1524 2.52819 0.409508 2.92461
357 303 1.15907 2.53208 0.401715 2.91981
357 303 1.16438 2.53393 0.395045 2.91592
357 303 1.17236 2.53861 0.389733 2.91407
357 303 1.179 2.54485 0.381755 2.90939
357 303 1.18703 2.54922 0.37512 2.90315
357 303 1.19777 2.55675 0.367089 2.89878
357 303 1.20473 2.56285 0.356348 2.89125
357 303 1.21255 2.56715 0.349387 2.88515
357 303 1.21943 2.57109 0.341568 2.88085
357 303 1.22505 2.57468 0.334692 2.87691
357 303 1.23053 2.58066 0.32907 2.87332
357 303 1.23822 2.58516 0.323583 2.86734
357 303 1.24661 2.58863 0.315895 2.86284
357 303 1.25498 2.5926 0.30751 2.85937
357 303 1.26427 2.59806 0.299132 2.8554
357 303 1.27209 2.60245 0.289851 2.84994
357 303 1.2799 2.60662 0.282031 2.84555
357 303 1.28419 2.61054 0.274215 2.84138
357 303 1.29092 2.61517 0.269928 2.83746
357 303 1.29818 2.61902 0.263199 2.83283
357 303 1.30525 2.62429 0.255941 2.82898
357 303 1.31205 2.63057 0.248866 2.82371
357 303 1.32074 2.63506 0.242064 2.81743
357 303 1.32685 2.64084 0.233375 2.81294
357 303 1.33385 2.64392 0.227268 2.80716
357 303 1.33906 2.64808 0.220271 2.80408
357 303 1.34514 2.65209 0.21506 2.79992
357 303 1.35285 2.65611 0.208974 2.79591
357 303 1.36175 2.66033 0.201268 2.79189
357 303 1.36932 2.66509 0.192371 2.78767
357 303 1.37789 2.66884 0.184795 2.78291
357 303 1.38547 2.67216 0.176226 2.77916
357 303 1.3918 2.67657 0.168648 2.77584
357 303 1.40113 2.68264 0.16232 2.77143
357 303 1.40959 2.68672 0.152984 2.76536
357 303 1.41462 2.693 0.144529 2.76128
357 303 1.42193 2.6974 0.139496 2.755
357 303 1.42729 2.70146 0.132183 2.7506
357 303 1.43477 2.70625 0.126825 2.74654
357 303 1.44128 2.70937 0.119345 2.74175
357 303 1.44552 2.71377 0.112839 2.73863
357 303 1.45258 2.71854 0.108597 2.73423
357 303 1.45965 2.7219 0.101533 2.72946
357 303 1.46835 2.72699 0.0944624 2.7261
357 303 1.47408 2.73272 0.0857673 2.72101
357 303 1.48265 2.737 0.080036 2.71528
357 303 1.4866 2.73984 0.0714712 2.711
357 303 1.49278 2.7435 0.0675119 2.70816
357 303 1.4989 2.74877 0.0613333 2.7045
357 303 1.50669 2.75283 0.0552128 2.69923
357 303 1.51417 2.75604 0.0474288 2.69517
357 303 1.52111 2.76042 0.0399512 2.69196
357 303 1.52866 2.76423 0.0330076 2.68758
357 303 1.53498 2.76785 0.0254557 2.68377
357 303 1.53986 2.77122 0.0191403 2.68015
357 303 1.54687 2.77466 0.0142531 2.67678
357 303 1.55255 2.77893 0.00724958 2.67334
357 303 1.55983 2.78263 0.00156551 2.66907
357 303 1.56464 2.78489 -0.0057127 2.66537
357 303 1.57089 2.78949 -0.010519 2.66311
357 303 1.57718 2.79344 -0.016774 2.65851
357 303 1.58308 2.79728 -0.023062 2.65456
357 303 1.59048 2.80065 -0.0289647 2.65072
357 303 1.59691 2.80418 -0.0363669 2.64735
357 303 1.60362 2.8081 -0.0427957 2.64382
357 303 1.61109 2.81198 -0.0495053 2.6399
357 303 1.61613 2.8153 -0.0569748 2.63602
357 303 1.62278 2.82156 -0.0620179 2.6327
357 303 1.62969 2.82509 -0.0686592 2.62644
357 303 1.6354 2.82818 -0.0755722 2.62291
357 303 1.6416 2.83109 -0.0812784 2.61982
357 303 1.6483 2.83456 -0.0874829 2.61691
357 303 1.65469 2.83776 -0.0941799 2.61344
357 303 1.66105 2.84148 -0.100571 2.61024
357 303 1.6663 2.8447 -0.106932 2.60652
357 303 1.67331 2.84914 -0.112184 2.6033
357 303 1.67678 2.85146 -0.119189 2.59886
357 303 1.68297 2.8546 -0.122661 2.59654
357 303 1.68927 2.85965 -0.128856 2.5934
357 303 1.69486 2.86247 -0.135151 2.58835
357 303 1.70084 2.86708 -0.140739 2.58553
357 303 1.7068 2.87063 -0.146726 2.58092
357 303 1.71239 2.87375 -0.152681 2.57737
357 303 1.71865 2.87682 -0.158271 2.57425
357 303 1.72419 2.87977 -0.164528 2.57118
357 303 1.72863 2.88305 -0.170069 2.56823
357 303 1.73418 2.88547 -0.174513 2.56495
357 303 1.74069 2.88959 -0.180065 2.56253
357 303 1.74773 2.89297 -0.186569 2.55841
357 303 1.75365 2.8962 -0.193612 2.55503
357 303 1.76006 2.90081 -0.199531 2.5518
357 303 1.76513 2.90341 -0.205939 2.54719
357 303 1.77179 2.90674 -0.21101 2.54459
357 303 1.77766 2.91058 -0.217674 2.54126
357 303 1.78392 2.91432 -0.223547 2.53742
357 303 1.78909 2.91794 -0.2298 2.53368
357 303 1.7954 2.92114 -0.234973 2.53006
357 303 1.80142 2.92445 -0.241281 2.52686
357 303 1.80655 2.92785 -0.247308 2.52355
357 303 1.81239 2.93282 -0.252438 2.52015
357 303 1.81674 2.93667 -0.258276 2.51518
357 303 1.82157 2.94048 -0.262622 2.51133
357 303 1.82647 2.94294 -0.26745 2.50752
357 303 1.8303 2.94727 -0.272355 2.50506
357 303 1.83584 2.95239 -0.276182 2.50073
357 303 1.83913 2.95546 -0.281728 2.49561
357 303 1.84464 2.95848 -0.285009 2.49254
357 303 1.8506 2.96299 -0.290522 2.48952
357 303 1.85681 2.96602 -0.296479 2.48501
357 303 1.863 2.96917 -0.302689 2.48198
357 303 1.86736 2.97374 -0.308888 2.47883
357 303 1.87177 2.9762 -0.313243 2.47426
357 303 1.87907 2.9803 -0.317653 2.4718
357 303 1.88302 2.98351 -0.324957 2.4677
357 303 1.88845 2.98631 -0.328901 2.46449
357 303 1.8962 2.99076 -0.334333 2.46169
357 303 1.90022 2.99333 -0.34208 2.45724
357 303 1.90597 2.99777 -0.346104 2.45467
357 303 1.91147 3.00001 -0.351853 2.45023
357 303 1.91601 3.00281 -0.357356 2.44799
357 303 1.92175 3.00599 -0.361889 2.44519
357 303 1.92706 3.00956 -0.367633 2.44201
357 303 1.93129 3.01362 -0.372944 2.43844
357 303 1.93674 3.0175 -0.377172 2.43438
357 303 1.94234 3.02003 -0.382621 2.4305
357 303 1.94713 3.02321 -0.388222 2.42797
357 303 1.95273 3.02637 -0.393014 2.42479
357 303 1.95896 3.03073 -0.398609 2.42163
357 303 1.96418 3.03369 -0.404839 2.41727
357 303 1.96993 3.03709 -0.410068 2.41431
357 303 1.97768 3.04153 -0.415816 2.41091
357 303 1.98469 3.04609 -0.423565 2.40647
357 303 1.9931 3.05132 -0.430573 2.40191
357 303 2.00523 3.06118 -0.438979 2.39668
357 303 2.01422 3.07017 -0.451117 2.38682
357 303 2.02432 3.08041 -0.460102 2.37783
357 303 2.03431 3.0903 -0.470203 2.36759
357 303 2.04239 3.0995 -0.480195 2.3577
357 303 2.05001 3.10741 -0.488271 2.3485
357 303 2.06167 3.11926 -0.495898 2.34059
357 303 2.06927 3.12736 -0.507555 2.32874
357 303 2.07806 3.13617 -0.515149 2.32064
357 303 2.08549 3.14571 -0.523948 2.31183
357 303 2.09213 3.15425 -0.531374 2.30229
357 303 2.10192 3.16468 -0.538011 2.29375
357 303 2.10914 3.17414 -0.547802 2.28332
357 303 2.10936 3.17942 -0.555024 2.27386
357 303 2.11455 3.18813 -0.555244 2.26858
357 303 2.12156 3.19911 -0.560433 2.25987
357 303 2.12472 3.20747 -0.56744 2.24889
357 303 2.12539 3.21385 -0.570605 2.24053
357 303 2.12984 3.2233 -0.571273 2.23415
357 303 2.13202 3.23148 -0.57572 2.2247
357 303 2.14014 3.2437 -0.577904 2.21652
357 303 2.13829 3.24973 -0.586023 2.2043
357 303 2.13597 3.25619 -0.584172 2.19827
357 303 2.13771 3.26635 -0.581851 2.19181
357 303 2.13673 3.275 -0.583598 2.18165
357 303 2.13641 3.28513 -0.582617 2.173
357 303 2.13822 3.29579 -0.582289 2.16287
357 303 2.14089 3.30754 -0.584099 2.15221
357 303 2.13632 3.31529 -0.586773 2.14046
357 303 2.13794 3.32519 -0.582202 2.13271
357 303 2.13358 3.33648 -0.583826 2.12281
357 303 2.13747 3.34077 -0.579459 2.11152
357 303 2.13953 3.34473 -0.583352 2.10723
357 303 2.14115 3.35291 -0.585417 2.10327
357 303 2.14154 3.36199 -0.587034 2.09509
357 303 2.13984 3.37369 -0.587423 2.08601
357 303 2.14295 3.37684 -0.585725 2.07431
357 303 2.14065 3.37908 -0.588831 2.07116
357 303 2.14094 3.3864 -0.586533 2.06892
357 303 2.14583 3.39529 -0.586819 2.0616
357 303 2.14703 3.40018 -0.591709 2.05271
357 303 2.14728 3.40355 -0.592915 2.04782
357 303 2.14669 3.40481 -0.59316 2.04445
357 303 2.14729 3.41923 -0.592571 2.04319
357 303 2.14573 3.42955 -0.593173 2.02877
357 303 2.1449 3.43336 -0.591615 2.01845
357 303 2.1458 3.43481 -0.59078 2.01464
357 303 2.14643 3.44628 -0.591679 2.01319
357 303 2.14704 3.45064 -0.592309 2.00172
357 303 2.14495 3.45487 -0.592919 1.99736
357 303 2.14526 3.45908 -0.59083 1.99313
357 303 2.14946 3.46909 -0.591139 1.98892
357 303 2.14853 3.46883 -0.595346 1.97891
357 303 2.15023 3.47459 -0.594413 1.97917
357 303 2.15594 3.48484 -0.596117 1.97341
357 303 2.16035 3.49458 -0.601822 1.96316
357 303 2.16433 3.50378 -0.606237 1.95342
357 303 2.16555 3.51436 -0.610217 1.94422
357 303 2.17063 3.52404 -0.611437 1.93364
357 303 2.17266 3.53411 -0.616517 1.92396
357 303 2.17298 3.54339 -0.618539 1.91389
357 303 2.17517 3.55316 -0.618862 1.90461
357 303 2.17879 3.55879 -0.621056 1.89484
357 303 2.18072 3.55896 -0.624675 1.88921
357 303 2.18019 3.56833 -0.626599 1.88904
357 303 2.18082 3.57256 -0.626073 1.87967
357 303 2.18205 3.58043 -0.626698 1.87544
357 303 2.18464 3.58682 -0.62793 1.86757
357 303 2.18532 3.59624 -0.630524 1.86118
357 303 2.18641 3.60091 -0.631205 1.85176
357 303 2.18716 3.60713 -0.632289 1.84709
357 303 2.18943 3.61254 -0.633045 1.84087
357 303 2.19034 3.61965 -0.635312 1.83546
357 303 2.19196 3.62998 -0.636227 1.82835
357 303 2.19281 3.63658 -0.637844 1.81802
357 303 2.1941 3.64555 -0.638691 1.81142
357 303 2.19454 3.65114 -0.639981 1.80245
357 303 2.19906 3.65912 -0.64042 1.79686
357 303 2.19821 3.66141 -0.644939 1.78888
357 303 2.20309 3.66918 -0.64409 1.78659
357 303 2.20434 3.67356 -0.648972 1.77882
357 303 2.20661 3.68355 -0.650224 1.77444
357 303 2.20776 3.69127 -0.65249 1.76445
357 303 2.21117 3.69908 -0.653645 1.75673
357 303 2.21509 3.7065 -0.657056 1.74892
357 303 2.21668 3.71736 -0.66097 1.7415
357 303 2.22063 3.72481 -0.662562 1.73064
357 303 2.22382 3.73201 -0.666513 1.72319
357 303 2.22518 3.73956 -0.669699 1.71599
357 303 2.22623 3.74658 -0.671059 1.70844
357 303 2.22907 3.75888 -0.672109 1.70142
357 303 2.23178 3.76726 -0.674951 1.68912
357 303 2.23465 3.77501 -0.677668 1.68074
357 303 2.23762 3.78448 -0.680534 1.67299
357 303 2.23959 3.79217 -0.683503 1.66352
357 303 2.24191 3.79924 -0.685475 1.65583
357 303 2.24241 3.80355 -0.687797 1.64876
357 303 2.24586 3.81038 -0.68829 1.64445
357 303 2.24817 3.81645 -0.691745 1.63762
357 303 2.25029 3.82494 -0.694056 1.63155
357 303 2.25389 3.83153 -0.696168 1.62306
357 303 2.2555 3.83746 -0.699778 1.61647
357 303 2.25425 3.84433 -0.701379 1.61054
357 303 2.25791 3.85214 -0.700134 1.60367
357 303 2.26007 3.85959 -0.703798 1.59586
357 303 2.26234 3.86634 -0.70595 1.58841
357 303 2.26606 3.87289 -0.708219 1.58166
357 303 2.26713 3.87857 -0.711945 1.57511
357 303 2.26797 3.885 -0.713018 1.56943
357 303 2.26986 3.88963 -0.713854 1.563
357 303 2.27208 3.89719 -0.715745 1.55837
357 303 2.27307 3.9025 -0.717965 1.55081
357 303 2.27539 3.91084 -0.718953 1.5455
357 303 2.27829 3.91618 -0.721275 1.53716
357 303 2.28089 3.92246 -0.724173 1.53182
357 303 2.28439 3.92871 -0.726774 1.52554
357 303 2.28663 3.93408 -0.730271 1.51929
357 303 2.28987 3.93975 -0.732512 1.51392
357 303 2.29285 3.94504 -0.735757 1.50825
357 303 2.2959 3.95091 -0.738736 1.50296
357 303 2.29882 3.96099 -0.741781 1.49709
357 303 2.30039 3.96682 -0.744703 1.48701
357 303 2.30263 3.97474 -0.746275 1.48118
357 303 2.3039 3.97931 -0.748516 1.47326
357 303 2.30909 3.98808 -0.749787 1.46869
357 303 2.31087 3.99271 -0.754977 1.45992
357 303 2.31428 3.99875 -0.756751 1.45529
357 303 2.31701 4.0062 -0.760166 1.44925
357 303 2.32232 4.01439 -0.762898 1.4418
357 303 2.32507 4.01948 -0.768207 1.43361
357 303 2.32781 4.02484 -0.770953 1.42852
357 303 2.33064 4.03271 -0.773695 1.42316
357 303 2.33262 4.03677 -0.776525 1.41529
357 303 2.33432 4.04237 -0.7785 1.41123
357 303 2.33517 4.04805 -0.780203 1.40563
357 303 2.33644 4.05328 -0.781056 1.39995
357 303 2.33923 4.06067 -0.782328 1.39472
357 303 2.34044 4.06609 -0.785113 1.38733
357 303 2.34519 4.07412 -0.786325 1.38191
357 303 2.34738 4.0794 -0.791072 1.37388
357 303 2.34945 4.08593 -0.793264 1.3686
357 303 2.35288 4.09179 -0.795334 1.36207
357 303 2.35589 4.0999 -0.798764 1.35621
357 303 2.35844 4.105 -0.801774 1.3481
357 303 2.36236 4.11188 -0.804325 1.343
357 303 2.36476 4.114 -0.808244 1.33612
357 303 2.36683 4.11905 -0.810644 1.334
357 303 2.37047 4.12595 -0.812713 1.32895
357 303 2.37335 4.13165 -0.81635 1.32205
357 303 2.37553 4.13645 -0.819234 1.31635
357 303 2.3802 4.14391 -0.821417 1.31155
357 303 2.38281 4.14933 -0.826082 1.30409
357 303 2.38863 4.15981 -0.82869 1.29867
357 303 2.39042 4.16648 -0.834509 1.28819
357 303 2.3941 4.17168 -0.836307 1.28152
357 303 2.39699 4.1778 -0.839986 1.27632
357 303 2.3995 4.1824 -0.842876 1.2702
357 303 2.3991 4.18549 -0.845386 1.2656
357 303 2.40099 4.19436 -0.844988 1.26251
357 303 2.40457 4.19931 -0.846869 1.25364
357 303 2.40746 4.20657 -0.850456 1.24869
357 303 2.41106 4.21236 -0.853339 1.24143
357 303 2.41165 4.21724 -0.85694 1.23564
357 303 2.41511 4.22258 -0.857529 1.23076
357 303 2.42063 4.22839 -0.860996 1.22542
357 303 2.42307 4.23257 -0.866512 1.21961
357 303 2.42797 4.23941 -0.868953 1.21543
357 303 2.4324 4.24393 -0.873858 1.20859
357 303 2.43412 4.24792 -0.878287 1.20407
357 303 2.4351 4.24793 -0.88 1.20008
357 303 2.43689 4.25169 -0.880988 1.20007
357 303 2.44078 4.25782 -0.882768 1.19631
357 303 2.44388 4.26247 -0.886663 1.19018
357 303 2.44693 4.2679 -0.889759 1.18553
357 303 2.44857 4.27366 -0.892815 1.1801
357 303 2.45174 4.27981 -0.894456 1.17434
357 303 2.45675 4.28575 -0.897624 1.16819
357 303 2.45776 4.29047 -0.902635 1.16225
357 303 2.46091 4.29435 -0.903638 1.15753
357 303 2.46396 4.29956 -0.906794 1.15365
357 303 2.46873 4.30492 -0.909844 1.14844
357 303 2.4725 4.30996 -0.914615 1.14308
357 303 2.4771 4.3148 -0.918381 1.13804
357 303 2.47849 4.31802 -0.922981 1.1332
357 303 2.48103 4.32229 -0.924377 1.12998
357 303 2.48255 4.32901 -0.926915 1.12571
357 303 2.48691 4.33451 -0.928437 1.11899
357 303 2.48761 4.3409 -0.932797 1.11349
357 303 2.49038 4.34602 -0.933489 1.1071
357 303 2.49316 4.34931 -0.936258 1.10198
357 303 2.49392 4.35545 -0.939048 1.09869
357 303 2.4959 4.35836 -0.939807 1.09255
357 303 2.49917 4.36341 -0.941783 1.08964
357 303 2.50335 4.36917 -0.94505 1.08459
357 303 2.50578 4.37325 -0.949231 1.07883
357 303 2.50845 4.37722 -0.95166 1.07475
357 303 2.51132 4.38171 -0.954337 1.07078
357 303 2.51466 4.38676 -0.957204 1.06629
357 303 2.51824 4.39175 -0.960547 1.06124
357 303 2.52184 4.39728 -0.96412 1.05625
357 303 2.52502 4.40268 -0.967724 1.05072
357 303 2.52579 4.40559 -0.970898 1.04532
357 303 2.52813 4.40939 -0.971676 1.04241
357 303 2.52945 4.41701 -0.974012 1.03861
357 303 2.53164 4.42195 -0.975329 1.03099
357 303 2.53425 4.42792 -0.977521 1.02605
357 303 2.53663 4.43312 -0.980134 1.02008
357 303 2.53798 4.43814 -0.982515 1.01488
357 303 2.54126 4.4436 -0.983859 1.00986
357 303 2.54394 4.44744 -0.987144 1.0044
357 303 2.54588 4.45065 -0.989828 1.00056
357 303 2.54949 4.45752 -0.99176 0.997349
357 303 2.55223 4.46202 -0.995369 0.990483
357 303 2.55505 4.468 -0.998112 0.985977
357 303 2.55798 4.47154 -1.00094 0.979996
357 303 2.56158 4.47678 -1.00386 0.976457
357 303 2.56274 4.48365 -1.00746 0.971218
357 303 2.56302 4.48857 -1.00863 0.964354
357 303 2.56637 4.49562 -1.0089 0.959425
357 303 2.56831 4.50092 -1.01225 0.952375
357 303 2.57283 4.50606 -1.0142 0.947079
357 303 2.57536 4.5098 -1.01872 0.941939
357 303 2.5779 4.51272 -1.02124 0.938196
357 303 2.58018 4.51774 -1.02379 0.935283
357 303 2.58315 4.52188 -1.02606 0.93026
357 303 2.58669 4.52742 -1.02903 0.926124
357 303 2.58886 4.53302 -1.03258 0.920581
357 303 2.5925 4.53965 -1.03475 0.91498
357 303 2.59469 4.54636 -1.03838 0.90835
357 303 2.59775 4.55229 -1.04057 0.901636
357 303 2.60303 4.55788 -1.04363 0.895711
357 303 2.60485 4.561 -1.04891 0.890115
357 303 2.608 4.56601 -1.05074 0.887
357 303 2.60967 4.57078 -1.05389 0.881989
357 303 2.61148 4.57577 -1.05555 0.877215
357 303 2.61528 4.58149 -1.05736 0.872231
357 303 2.61808 4.58611 -1.06116 0.866511
357 303 2.62008 4.59345 -1.06397 0.861886
357 303 2.62312 4.598 -1.06596 0.854548
357 303 2.62566 4.60358 -1.069 0.849996
357 303 2.62863 4.60888 -1.07154 0.844416
357 303 2.63169 4.61528 -1.07451 0.839117
357 303 2.63357 4.61845 -1.07758 0.832716
357 303 2.63709 4.62343 -1.07945 0.829547
357 303 2.64148 4.62835 -1.08297 0.824571
357 303 2.64467 4.63422 -1.08737 0.819648
357 303 2.64922 4.63843 -1.09055 0.81378
357 303 2.65233 4.64527 -1.0951 0.809573
357 303 2.65453 4.64961 -1.09821 0.802727
357 303 2.65741 4.65541 -1.10041 0.798392
357 303 2.66058 4.66065 -1.10329 0.792587
357 303 2.66473 4.66632 -1.10646 0.787347
357 303 2.66818 4.67125 -1.11061 0.781677
357 303 2.6708 4.67814 -1.11406 0.776751
357 303 2.67485 4.68332 -1.11669 0.769859
357 303 2.6764 4.68581 -1.12073 0.764683
357 303 2.6792 4.68922 -1.12228 0.762191
357 303 2.68005 4.69224 -1.12508 0.75878
357 303 2.68101 4.69326 -1.12593 0.755761
357 303 2.68253 4.69782 -1.1269 0.754744
357 303 2.68575 4.70294 -1.12841 0.750181
357 303 2.68883 4.70687 -1.13163 0.745061
357 303 2.69072 4.71122 -1.13471 0.741131
357 303 2.69193 4.71734 -1.1366 0.736783
357 303 2.69456 4.72306 -1.13781 0.730665
357 303 2.6975 4.73065 -1.14045 0.72494
357 303 2.6998 4.73484 -1.14338 0.717351
357 303 2.70232 4.74036 -1.14568 0.713156
357 303 2.70512 4.74405 -1.14821 0.707639
357 303 2.70679 4.74808 -1.151 0.703948
357 303 2.70856 4.75436 -1.15267 0.699915
357 303 2.71022 4.75977 -1.15444 0.693642
357 303 2.71662 4.77146 -1.1561 0.688229
357 303 2.72293 4.7845 -1.1625 0.676536
357 303 2.70536 4.77643 -1.16881 0.663499
357 303 2.67972 4.76322 -1.15124 0.67157
357 303 2.64027 4.77786 -1.1256 0.68478
357 303 2.61374 4.78731 -1.08615 0.670139
357 303 2.60524 4.78473 -1.05963 0.66069
357 303 2.60967 4.79428 -1.05113 0.663265
357 303 2.61363 4.80676 -1.05555 0.653717
357 303 2.61623 4.81692 -1.05951 0.641244
357 303 2.6174 4.82963 -1.06212 0.631081
357 303 2.61742 4.84097 -1.06329 0.618373
357 303 2.61943 4.85203 -1.0633 0.607028
357 303 2.62013 4.86399 -1.06531 0.595974
357 303 2.62048 4.8743 -1.06602 0.584012
357 303 2.62081 4.88469 -1.06637 0.573696
357 303 2.62022 4.89621 -1.06669 0.563311
357 303 2.6204 4.90798 -1.06611 0.551788
357 303 2.62167 4.91954 -1.06628 0.540024
357 303 2.6218 4.93117 -1.06756 0.528455
357 303 2.62055 4.94307 -1.06769 0.516829
357 303 2.61893 4.95539 -1.06643 0.504927
357 303 2.61822 4.96693 -1.06482 0.492607
357 303 2.61729 4.97831 -1.0641 0.481067
357 303 2.61565 4.99022 -1.06317 0.469685
357 303 2.6135 5.00336 -1.06153 0.457781
357 303 2.61107 5.01544 -1.05938 0.444643
357 303 2.6078 5.02648 -1.05695 0.43256
357 303 2.60386 5.03558 -1.05368 0.421517
357 303 2.60651 5.04713 -1.04974 0.412423
357 303 2.60479 5.05377 -1.0524 0.400872
357 303 2.60405 5.06008 -1.05067 0.394228
357 303 2.60064 5.06158 -1.04993 0.387924
357 303 2.60038 5.07008 -1.04652 0.386423
357 303 2.591 5.07693 -1.04626 0.377923
357 303 2.59158 5.08333 -1.03689 0.371067
357 303 2.59052 5.09007 -1.03747 0.364675
357 303 2.58953 5.09065 -1.03641 0.35793
357 303 2.58762 5.09311 -1.03541 0.357351
357 303 2.5859 5.0969 -1.03351 0.354888
357 303 2.58513 5.0981 -1.03178 0.351097
357 303 2.58499 5.11125 -1.03102 0.3499
357 303 2.58146 5.1145 -1.03087 0.336745
357 303 2.58069 5.11367 -1.02734 0.333499
357 303 2.57855 5.11694 -1.02658 0.334333
357 303 2.57677 5.11677 -1.02443 0.331063
357 303 2.57686 5.11777 -1.02265 0.331232
357 303 2.57656 5.11882 -1.02275 0.330233
357 303 2.57661 5.12033 -1.02245 0.329181
357 303 2.57601 5.12322 -1.0225 0.327671
357 303 2.57591 5.12319 -1.02189 0.32478
357 303 2.57502 5.12232 -1.02179 0.324808
357 303 2.5746 5.1228 -1.0209 0.325679
357 303 2.57478 5.12231 -1.02049 0.325196
357 303 2.57467 5.12268 -1.02066 0.325685
357 303 2.57282 5.12386 -1.02056 0.325317
357 303 2.57268 5.12354 -1.0187 0.324145
357 303 2.57001 5.12331 -1.01857 0.324457
357 303 2.56613 5.13028 -1.01589 0.324686
357 303 2.56608 5.13014 -1.01202 0.317721
357 303 2.56727 5.13128 -1.01196 0.317855
357 303 2.56596 5.13115 -1.01316 0.316719
357 303 2.56481 5.13046 -1.01185 0.316851
357 303 2.56555 5.13082 -1.01069 0.317542
357 303 2.56615 5.13163 -1.01144 0.317181
357 303 2.56179 5.14484 -1.01203 0.316372
357 303 2.55303 5.15568 -1.00767 0.303162
357 303 2.54869 5.1654 -0.998911 0.292317
357 303 2.54384 5.17554 -0.994571 0.282601
357 303 2.53745 5.18476 -0.989721 0.272462
357 303 2.53062 5.19461 -0.983331 0.263243
357 303 2.52246 5.20493 -0.976503 0.25339
357 303 2.51463 5.21611 -0.96834 0.243072
357 303 2.50562 5.22609 -0.960509 0.231892
357 303 2.49521 5.23765 -0.951504 0.221906
357 303 2.48648 5.24744 -0.941097 0.210351
357 303 2.47824 5.25492 -0.932361 0.200562
357 303 2.46693 5.26367 -0.924122 0.193076
357 303 2.45625 5.27283 -0.912812 0.184328
357 303 2.44309 5.28172 -0.90213 0.175172
357 303 2.43153 5.29012 -0.888969 0.166283
357 303 2.41957 5.2973 -0.877415 0.157883
357 303 2.40731 5.30438 -0.865455 0.150703
357 303 2.39589 5.30756 -0.853196 0.143621
357 303 2.38372 5.31149 -0.841774 0.140444
357 303 2.37427 5.31653 -0.829605 0.136513
357 303 2.36633 5.31846 -0.820154 0.131474
357 303 2.35602 5.32125 -0.812215 0.129536
357 303 2.34776 5.32324 -0.801904 0.126746
357 303 2.33776 5.3259 -0.793639 0.124759
357 303 2.32883 5.32907 -0.783643 0.122097
357 303 2.32131 5.33068 -0.774711 0.11893
357 303 2.30792 5.33678 -0.767193 0.117322
357 303 2.29558 5.34059 -0.753804 0.111219
357 303 2.28161 5.34469 -0.741459 0.10741
357 303 2.00437 5.20959 -0.727491 0.103305
357 303 2.00437 5.20959 -0.450255 0.238414
357 303 2.00437 5.20959 -0.450255 0.238414
357 303 2.00437 5.20959 -0.450255 0.238414
357 303 2.00437 5.20959 -0.450255 0.238414
357 303 2.00437 5.20959 -0.450255 0.238414
357 303 2.00437 5.20959 -0.450255 0.238414
357 303 2.00437 5.20959 -0.450255 0.238414
357 303 2.00437 5.20959 -0.450255 0.238414
357 303 2.00437 5.20959 -0.450255 0.238414
357 303 2.00437 5.20959 -0.450255 0.238414
357 303 2.00437 5.20959 -0.450255 0.238414
357 303 2.00437 5.20959 -0.450255 0.238414
357 303 2.00437 5.20959 -0.450255 0.238414
357 303 2.00437 5.20959 -0.450255 0.238414
357 303 2.00437 5.20959 -0.450255 0.238414
357 303 2.00437 5.20959 -0.450255 0.238414
357 303 2.00437 5.20959 -0.450255 0.238414
357 303 2.00437 5.20959 -0.450255 0.238414
357 303 2.00437 5.20959 -0.450255 0.238414
357 303 2.00437 5.20959 -0.450255 0.238414
357 303 2.00437 5.20959 -0.450255 0.238414
357 303 2.00437 5.20959 -0.450255 0.238414
357 303 2.00437 5.20959 -0.450255 0.238414
357 303 2.00437 5.20959 -0.450255 0.238414
357 303 2.00437 5.20959 -0.450255 0.238414
357 303 2.00437 5.20959 -0.450255 0.238414
357 303 2.00437 5.20959 -0.450255 0.238414
357 303 2.00437 5.20959 -0.450255 0.238414
357 303 2.00437 5.20959 -0.450255 0.238414
357 303 2.00437 5.20959 -0.450255 0.238414
357 303 2.00437 5.20959 -0.450255 0.238414
357 303 2.00437 5.20959 -0.450255 0.238414
357 303 2.00437 5.20959 -0.450255 0.238414
357 303 2.00437 5.20959 -0.450255 0.238414
357 303 2.00437 5.20959 -0.450255 0.238414
357 303 2.00437 5.20959 -0.450255 0.238414
