0 0 0 0
437 254 -0.00694778 0.00747961
436 255 -0.00631912 0.00558562
315 274 -0.00831303 0.00668018
329 286 -0.0086862 0.00686482
334 257 -0.0120075 0.00972388
290 168 -0.00719221 0.0108472
303 174 -0.0054792 0.00885755
312 178 -0.0116443 0.0114086
312 178 -0.0121264 0.0115765
312 178 -0.0100692 0.0115824
327 195 -0.0102689 0.00885882
342 278 -0.0110759 0.0104435
340 169 -0.0116422 0.0113291
357 154 -0.0116533 0.0112296
387 135 -0.0126518 0.0127421
370 142 -0.0131178 0.0114887
491 226 -0.0138274 0.0109295
385 137 -0.0110594 0.0101898
355 157 -0.0119275 0.0112214
353 173 -0.0113829 0.011938
352 135 -0.012966 0.0123056
292 112 -0.0133121 0.0130321
330 82 -0.0130838 0.0107564
320 24 -0.0146344 0.0106058
327 38 -0.0145849 0.00937478
330 44 -0.0135479 0.00700966
328 40 -0.011834 0.0079521
328 37 -0.0111824 0.00782301
328 38 -0.0126397 0.00848923
329 42 -0.0134018 0.00878399
333 86 -0.0153452 0.0101083
319 105 -0.0149894 0.0100235
325 110 -0.0135425 0.00934513
321 50 -0.0156409 0.011289
324 48 -0.0145611 0.0123944
328 45 -0.0157315 0.0121885
330 44 -0.0153649 0.0122226
331 46 -0.0144537 0.0111259
330 69 -0.0154487 0.0114433
328 88 -0.0163127 0.0127344
328 94 -0.0171695 0.0136336
329 94 -0.0145473 0.0124923
327 88 -0.0156627 0.0130435
325 82 -0.0151285 0.0119857
325 80 -0.0148028 0.0122364
338 164 -0.0143086 0.0109572
328 150 -0.014038 0.0103793
332 170 -0.0134366 0.0100126
337 153 -0.0115352 0.00894345
337 143 -0.00969525 0.00943077
328 73 -0.0116769 0.00964712
324 70 -0.0103419 0.00996546
322 24 -0.0106518 0.00886754
324 48 -0.0111825 0.00947818
324 55 -0.0107568 0.0093164
325 56 -0.0105669 0.00888813
325 58 -0.00958744 0.0104135
336 135 -0.0110433 0.0106363
318 93 -0.0116089 0.00847193
319 61 -0.0118925 0.00873713
322 104 -0.0114524 0.00902795
346 114 -0.00998168 0.00970155
339 126 -0.00965983 0.0108581
334 112 -0.010433 0.0126352
332 98 -0.00935812 0.0109871
335 56 -0.00754528 0.0095343
329 76 -0.00704961 0.00904469
328 123 -0.00791716 0.00822358
337 171 -0.0066617 0.00739728
338 171 -0.0096868 0.00769553
338 171 -0.00945165 0.00809047
342 169 -0.00882789 0.00703635
340 165 -0.00946086 0.00737511
333 164 -0.0102478 0.00664026
345 178 -0.00902178 0.00673637
345 180 -0.00999314 0.00683695
339 82 -0.0105759 0.00691985
332 53 -0.00952317 0.00751003
328 40 -0.00992804 0.00738049
330 48 -0.0101744 0.00759444
334 67 -0.0123026 0.00838551
326 50 -0.0108751 0.00933869
327 35 -0.0104389 0.00832369
330 34 -0.0117139 0.00952209
331 34 -0.0109934 0.00969329
330 36 -0.011348 0.0107215
325 49 -0.0129288 0.0103891
323 56 -0.0113287 0.0107192
324 62 -0.0106218 0.0102593
324 65 -0.010663 0.00980469
324 63 -0.00824329 0.0172315
327 87 -0.00669495 0.0496992
337 156 -0.00184579 0.0857409
322 76 0.002682 0.124272
615 372 0.00794112 0.159749
330 65 0.0111473 0.193672
324 82 -0.000162456 0.19064
314 115 0.00411324 0.188229
327 141 0.00961119 0.219751
584 60 0.0117057 0.249468
381 171 0.0156472 0.270233
407 166 0.0191609 0.286488
508 245 0.0179814 0.306947
417 248 0.0167712 0.332726
451 265 0.0199118 0.34952
508 297 0.0142471 0.379917
393 278 0.0141821 0.41318
394 278 0.014004 0.445289
326 264 0.0091581 0.474622
329 267 0.00634422 0.511882
332 270 0.000277776 0.556885
337 273 -0.00327302 0.596525
339 276 -0.011349 0.634104
378 221 -0.0195433 0.67004
410 283 -0.0292343 0.707425
485 295 -0.0400612 0.747244
512 298 -0.0485961 0.783192
463 284 -0.0597273 0.822902
503 304 -0.0662622 0.850525
524 308 -0.0765851 0.881509
471 348 -0.0862517 0.920628
471 348 -0.0959945 0.948222
471 348 -0.0982654 0.951867
471 348 -0.0938631 0.938998
471 348 -0.089875 0.92603
471 348 -0.087104 0.916054
471 348 -0.0819366 0.903495
471 348 -0.0794908 0.893794
471 348 -0.0798132 0.890399
471 348 -0.0785206 0.884894
471 348 -0.077006 0.878873
471 348 -0.0772577 0.875581
471 348 -0.07693 0.869576
448 458 -0.0717774 0.854388
513 373 -0.0651789 0.835106
510 343 -0.0637287 0.822521
521 480 -0.0637109 0.814389
522 422 -0.0625076 0.804581
514 409 -0.0618553 0.795099
506 402 -0.0620456 0.791136
503 404 -0.0661039 0.7874
503 408 -0.065806 0.783545
504 268 -0.0672658 0.779643
488 334 -0.0645321 0.775272
477 376 -0.0603788 0.783924
481 344 -0.0601323 0.783875
482 328 -0.0603351 0.781995
414 232 -0.0605355 0.781414
426 296 -0.0577633 0.777326
334 268 -0.0593575 0.780171
377 256 -0.0656037 0.800552
420 292 -0.0709727 0.819774
416 298 -0.0790558 0.839485
423 298 -0.0940349 0.874116
541 271 -0.112575 0.918427
541 271 -0.128116 0.951195
541 271 -0.143312 0.986094
541 271 -0.15347 1.00753
541 271 -0.162452 1.02931
541 271 -0.174802 1.05499
541 271 -0.188836 1.08292
541 271 -0.199343 1.10505
541 271 -0.212527 1.13199
541 271 -0.224415 1.15752
541 271 -0.238841 1.18666
541 271 -0.253185 1.21847
541 271 -0.267394 1.25058
541 271 -0.286117 1.29579
541 271 -0.301102 1.33958
541 271 -0.300561 1.39325
541 271 -0.613292 1.64019
541 271 -0.630592 1.71465
541 271 -0.66186 1.78034
525 304 -0.660372 1.8412
536 320 -0.65403 1.86621
529 320 -0.667527 1.87992
528 303 -0.673741 1.88998
545 290 -0.658537 1.86632
540 317 -0.650431 1.86528
515 303 -0.671745 1.89377
515 303 -0.674764 1.89798
495 359 -0.669474 1.89876
493 365 -0.665024 1.92839
494 362 -0.670054 1.93112
494 362 -0.647574 1.9166
494 362 -0.649954 1.88722
472 332 -0.625481 1.86367
442 378 -0.623982 1.83713
412 402 -0.62126 1.82442
439 390 -0.619439 1.81268
442 399 -0.61774 1.80051
365 452 -0.615915 1.79242
420 446 -0.614493 1.7817
400 461 -0.612591 1.77089
360 480 -0.610399 1.76141
328 480 -0.60753 1.75057
366 480 -0.605016 1.7395
332 445 -0.600257 1.72772
344 480 -0.597325 1.71514
369 480 -0.594411 1.70603
344 480 -0.589175 1.69498
339 480 -0.585641 1.6848
360 480 -0.581026 1.67576
359 480 -0.578007 1.66554
400 297 -0.575183 1.65642
400 297 -0.57189 1.64632
358 335 -0.574554 1.6509
406 328 -0.582446 1.67715
408 287 -0.582442 1.67633
505 301 -0.579891 1.66926
546 270 -0.579108 1.66947
546 270 -0.58307 1.68095
546 270 -0.584525 1.68638
546 270 -0.585567 1.69191
546 270 -0.585194 1.7009
546 270 -0.586332 1.7068
546 270 -0.586226 1.71485
546 270 -0.584326 1.73077
546 270 -0.5782 1.75525
546 270 -0.568734 1.78742
546 270 -0.898938 2.0277
546 270 -1.21894 2.38934
591 279 -1.46068 2.66845
141 402 -1.43671 2.69356
403 322 -1.41306 2.71671
535 320 -1.45681 2.7896
429 324 -1.46685 2.77925
388 365 -1.47626 2.77308
348 289 -1.4775 2.77031
376 292 -1.48011 2.76708
392 295 -1.47732 2.76734
367 298 -1.4621 2.7871
448 248 -1.44888 2.80353
336 390 -1.432 2.82034
341 384 -1.41459 2.83772
423 318 -1.40817 2.8409
382 260 -1.41699 2.83344
356 326 -1.42487 2.82911
383 352 -1.42503 2.8287
365 302 -1.42483 2.82993
365 296 -1.43115 2.82619
364 291 -1.42823 2.82872
357 272 -1.40936 2.84801
362 279 -1.38803 2.87071
359 318 -1.3574 2.90352
359 324 -1.3312 2.92926
362 321 -1.32699 2.93282
349 240 -1.33998 2.92117
349 240 -1.34881 2.91346
360 266 -1.34713 2.91501
346 249 -1.31722 2.94453
348 260 -1.2843 2.97365
361 292 -1.25014 3.00408
359 312 -1.21877 3.03193
359 318 -1.18711 3.05633
367 216 -1.1806 3.06216
372 294 -1.19264 3.05103
339 261 -1.19088 3.05073
357 230 -1.15994 3.0765
366 234 -1.12673 3.10421
353 255 -1.08643 3.13556
366 274 -1.04529 3.17007
464 285 -1.00427 3.20183
508 270 -0.966403 3.23193
546 256 -0.928789 3.25962
528 277 -0.893861 3.28023
522 287 -0.913909 3.34557
521 289 -0.914944 3.41851
521 289 -0.941788 3.46171
521 289 -0.882438 3.47818
521 289 -0.451347 3.52735
474 382 0.409935 3.57034
493 364 0.409935 3.57034
499 340 0.424549 3.58033
523 259 0.404853 3.57678
510 274 0.387361 3.57327
498 286 0.401709 3.55598
579 245 0.401709 3.55598
388 258 1.01572 4.03604
322 310 1.01572 4.03604
329 290 1.0471 4.04179
371 345 1.08168 4.0508
352 305 1.11183 4.05581
328 318 1.11916 4.05336
336 293 1.11945 4.05046
343 285 1.11858 4.0506
338 320 1.12131 4.05054
339 300 1.15791 4.05327
344 303 1.16973 4.05433
339 332 1.17478 4.0514
342 319 1.208 4.05378
344 310 1.22207 4.05351
349 294 1.20664 4.05393
349 300 1.21182 4.05266
342 284 1.24899 4.05708
344 296 1.28164 4.05822
344 296 1.32702 4.05872
344 296 1.36978 4.06067
344 296 1.40911 4.06138
303 232 1.45168 4.06383
295 263 1.49446 4.06889
306 288 1.53686 4.06791
315 290 1.58808 4.06885
313 284 1.63015 4.07233
319 305 1.68061 4.07396
323 305 1.72908 4.07936
319 314 1.77082 4.08635
327 253 1.81204 4.09098
337 250 1.823 4.09516
337 250 1.82567 4.09515
337 250 1.8592 4.10093
337 250 1.91021 4.10915
337 250 1.95519 4.11393
337 250 2.00548 4.12338
337 250 2.05758 4.13137
337 250 2.10248 4.14022
337 250 2.14742 4.14974
337 250 2.19155 4.16019
337 250 2.23497 4.17114
340 256 2.2786 4.18149
341 266 2.32046 4.1918
341 266 2.36653 4.20254
341 266 2.40923 4.20954
341 266 2.4524 4.2186
341 266 2.50604 4.23248
324 270 2.55413 4.245
285 275 2.60222 4.25754
285 275 2.64543 4.27251
285 275 2.69512 4.28893
285 275 2.73623 4.30052
285 275 2.77919 4.31324
285 275 2.82052 4.32494
285 275 2.86842 4.33674
285 275 2.91137 4.3487
285 275 2.95332 4.36018
285 275 3.00021 4.37215
285 275 3.05046 4.3882
285 275 3.09739 4.40506
285 275 3.14557 4.42033
285 275 3.19195 4.43563
285 275 3.23707 4.45188
285 275 3.28143 4.46827
285 275 3.32414 4.48351
285 275 3.37141 4.49957
285 275 3.41686 4.51502
265 278 3.46167 4.53163
231 410 3.50358 4.54581
240 365 3.54824 4.56179
240 365 3.56145 4.56815
240 365 3.54216 4.55857
240 365 3.52698 4.55188
240 365 3.51892 4.54951
240 365 3.51523 4.55213
240 365 3.51337 4.55145
240 365 3.50272 4.54789
240 365 3.49195 4.54554
240 365 3.47242 4.53801
240 365 3.46169 4.5318
240 365 3.44568 4.52591
240 365 3.41462 4.51194
225 278 3.38825 4.50331
115 278 3.38192 4.50344
8 311 3.38782 4.50161
95 203 3.40503 4.50729
0 161 3.40034 4.50593
37 187 3.40129 4.50527
57 174 3.40478 4.50536
11 134 3.40651 4.50566
11 134 3.40832 4.50559
11 134 3.4085 4.50678
11 134 3.40787 4.50321
11 134 3.40919 4.50338
11 134 3.41289 4.50558
11 134 3.41638 4.50404
11 134 3.41789 4.50162
11 134 3.41756 4.50231
11 134 3.44307 4.5147
11 134 3.44985 4.51825
11 134 3.46136 4.52302
11 134 3.45992 4.5223
11 134 3.46205 4.52136
11 134 3.48631 4.53455
11 134 3.49447 4.53643
11 134 3.4946 4.53478
123 200 3.49548 4.53473
21 143 3.5036 4.53897
21 143 3.52749 4.55062
21 143 3.55155 4.54468
21 143 3.60577 4.58807
21 143 3.65439 4.62195
21 143 2.99641 4.08035
21 143 2.97107 3.87202
21 143 2.97207 3.70173
21 143 2.99593 3.62913
21 143 3.01458 3.55618
21 143 3.09763 3.46899
21 143 3.18912 3.4068
21 143 3.27754 3.35223
21 143 3.28586 3.38719
21 143 3.29004 3.42205
21 143 3.2901 3.45423
21 143 3.29195 3.48108
21 143 3.2915 3.51873
21 143 3.28734 3.55471
21 143 3.28326 3.59357
21 143 3.27656 3.63828
21 143 3.26651 3.68896
21 143 3.25194 3.73469
21 143 3.23884 3.77304
21 143 3.21908 3.81541
21 143 3.19664 3.85749
21 143 3.16961 3.89565
21 143 3.13927 3.9385
21 143 3.10975 3.97689
21 143 3.06974 4.0179
21 143 3.03388 4.05268
21 143 2.98922 4.08063
21 143 2.95033 4.09932
21 143 2.91372 4.11628
21 143 2.87156 4.13745
105 169 2.83406 4.15152
425 144 2.79429 4.1646
324 277 2.75143 4.17677
324 277 2.71626 4.18699
312 274 2.68575 4.19163
330 304 2.65546 4.19514
333 303 2.62739 4.20028
335 305 2.59674 4.20377
375 303 2.5568 4.20627
352 366 2.5198 4.20735
356 243 2.48418 4.20673
392 290 2.4786 4.20805
356 342 2.4736 4.20765
359 258 2.43499 4.20632
446 257 2.43062 4.20445
354 256 2.42509 4.20239
364 255 2.39258 4.20187
412 309 2.3565 4.19976
371 309 2.31639 4.19696
563 240 2.27908 4.19262
639 233 2.24647 4.18784
493 291 2.20784 4.18512
544 304 2.18532 4.18402
560 297 2.15593 4.18348
583 291 2.1179 4.18511
550 269 2.07156 4.1879
538 274 2.01156 4.19567
510 232 1.9414 4.20952
544 354 1.88656 4.22468
548 350 1.83756 4.24102
493 270 1.82879 4.24299
547 272 1.85364 4.22786
490 284 1.83325 4.23846
546 286 1.78989 4.26369
538 293 1.7618 4.27713
510 252 1.73248 4.30773
510 252 1.53978 4.16803
510 252 1.46725 4.1653
510 252 1.44551 4.1983
487 221 1.52501 4.43824
347 240 1.55537 4.55671
344 241 1.5377 4.57818
343 252 1.52739 4.59756
343 258 1.51529 4.61813
347 278 1.49983 4.64664
354 290 1.47753 4.67545
341 291 1.45524 4.70629
358 323 1.43266 4.74062
312 221 1.41316 4.77203
363 302 1.41361 4.77821
327 245 1.40798 4.77955
316 216 1.38388 4.81282
350 295 1.35976 4.8486
329 266 1.3405 4.88764
334 260 1.32064 4.92746
329 237 1.30084 4.9624
332 264 1.27947 4.99827
346 247 1.25539 5.03719
348 244 1.22766 5.07801
348 244 1.20439 5.11763
341 225 1.18055 5.16367
349 214 1.155 5.20826
355 264 1.12522 5.25596
333 186 1.09901 5.30236
301 197 1.06805 5.35196
337 204 1.03556 5.40015
354 206 1.01012 5.42828
327 212 0.987993 5.46121
325 216 0.96606 5.48885
320 205 0.945119 5.51822
280 144 0.929681 5.55306
173 84 0.903483 5.58614
313 155 0.887878 5.61214
574 188 0.861696 5.63704
338 174 0.847106 5.67098
304 151 0.821289 5.70643
305 177 0.796084 5.72764
305 177 0.781917 5.74881
305 177 0.762456 5.78008
305 177 0.747261 5.80799
305 177 0.724585 5.83388
305 177 0.703857 5.85436
305 177 0.680628 5.8876
305 177 0.657571 5.91323
305 177 0.640718 5.94228
305 177 0.617984 5.96966
305 177 0.599027 5.99984
305 177 0.581442 6.02825
305 177 0.560333 6.05402
305 177 0.546147 6.08293
305 177 0.529323 6.11033
305 177 0.496319 6.11528
305 177 0.473873 6.13562
305 177 0.463139 6.16176
305 177 0.446172 6.18675
305 177 0.431459 6.21297
305 177 0.412844 6.23732
305 177 0.394064 6.26099
305 177 0.367742 6.28791
305 177 0.349147 6.3155
305 177 0.324869 6.3357
305 177 0.324869 6.3357
305 177 0.324869 6.3357
305 177 0.324869 6.3357
305 177 0.303326 6.35155
305 177 0.303326 6.35155
305 177 0.303326 6.35155
305 177 0.303326 6.35155
305 177 0.303326 6.35155
305 177 0.303326 6.35155
305 177 0.303326 6.35155
305 177 0.303326 6.35155
305 177 0.303326 6.35155
305 177 0.303326 6.35155
305 177 0.303326 6.35155
305 177 0.303326 6.35155
305 177 0.303326 6.35155
305 177 0.303326 6.35155
305 177 0.303326 6.35155
305 177 0.303326 6.35155
305 177 0.303326 6.35155
305 177 0.303326 6.35155
305 177 0.303326 6.35155
305 177 0.303326 6.35155
305 177 0.303326 6.35155
305 177 0.303326 6.35155
305 177 0.303326 6.35155
305 177 0.303326 6.35155
305 177 0.303326 6.35155
305 177 0.303326 6.35155
305 177 0.303326 6.35155
305 177 0.303326 6.35155
305 177 0.303326 6.35155
305 177 0.303326 6.35155
305 177 0.303326 6.35155
305 177 0.303326 6.35155
305 177 0.303326 6.35155
305 177 0.303326 6.35155
305 177 0.303326 6.35155
305 177 0.303326 6.35155
305 177 0.303326 6.35155
305 177 0.303326 6.35155
