329 244 0 0
327 282 -0.00305348 0.000580602
352 237 -0.00288239 -0.000362815
348 256 -0.000421616 -0.000413323
346 223 -0.00334752 0.000543119
342 138 -0.00334568 0.000219087
340 127 -0.0038695 0.000669964
351 120 -0.00296657 0.000500277
359 105 -0.00220065 0.0015044
348 92 -0.00316089 0.00107389
334 62 -0.00180614 -0.002966
344 52 -0.00270554 -4.32744e-05
339 72 -0.00305543 0.002505
345 76 -0.00279931 0.00099682
351 76 -0.00348242 0.0020754
352 75 -0.00235617 0.00253541
360 72 -0.000674275 0.0018427
362 60 0.0041335 0.00164384
358 54 0.00474784 0.00157057
365 50 0.00407973 0.00143503
372 38 0.004565 0.00100722
370 34 -0.000635025 0.00362395
375 39 -0.00161832 0.00203215
383 46 -0.00209024 0.00327729
383 46 0.00366462 0.00377294
383 46 0.00141456 0.00440889
383 46 0.00397456 0.0045444
383 46 0.00219916 0.00491993
383 46 0.00751886 0.00590001
383 46 0.0044414 0.00621387
383 46 0.00544236 0.00376535
383 46 0.00298936 0.00460306
383 46 0.00305356 0.00387996
383 46 0.00481928 0.00256718
383 46 0.00218339 0.00302521
383 46 0.00233357 0.00173573
383 46 0.00329288 0.00156229
400 106 0.00476631 0.000469343
384 159 0.00652269 0.00186862
402 163 0.00958181 0.0109623
406 202 0.0144136 0.0380367
397 226 0.0154604 0.0605298
418 245 0.019514 0.0904579
482 277 0.0234269 0.126037
441 273 0.0286669 0.163463
450 277 0.0327027 0.201639
464 328 0.0357172 0.241561
427 294 0.0433882 0.278779
343 240 0.0433902 0.285957
381 295 0.0446876 0.287916
362 188 0.0479619 0.325691
371 200 0.0536765 0.365997
366 225 0.0609496 0.407457
369 230 0.0685846 0.442854
389 270 0.0730789 0.48513
391 324 0.0815492 0.522177
599 330 0.0903093 0.560585
494 334 0.091839 0.572065
412 344 0.0829652 0.550864
537 348 0.0773128 0.532994
409 304 0.0783766 0.516663
403 286 0.0729686 0.504223
393 262 0.0709513 0.513239
422 253 0.0786684 0.548704
419 264 0.0829034 0.588523
409 295 0.0903915 0.649585
404 244 0.0939527 0.682516
402 218 0.0987718 0.721715
372 228 0.103914 0.759405
450 234 0.107672 0.801418
528 249 0.110904 0.844165
398 250 0.117241 0.882603
467 270 0.122966 0.930683
495 213 0.125813 0.967357
434 226 0.129258 1.00154
462 291 0.142857 1.05416
459 286 0.149386 1.0948
513 214 0.156603 1.13693
640 11 0.165874 1.17234
640 16 0.177131 1.22329
536 272 0.176398 1.23711
567 260 0.175285 1.23566
560 256 0.181474 1.25011
560 256 0.202328 1.30016
560 256 0.224623 1.35405
560 256 0.250684 1.40109
560 256 0.28397 1.45139
560 256 0.314046 1.49431
560 256 0.218365 1.72501
560 256 0.253748 1.75786
560 256 0.288535 1.79447
535 254 0.330598 1.81878
427 242 0.257583 2.05642
390 242 0.294261 2.06946
409 212 0.321133 2.08556
403 236 0.340159 2.09474
486 136 0.370894 2.10668
414 318 0.40632 2.1251
373 108 0.440078 2.13965
373 267 0.44515 2.14415
363 241 0.45247 2.14946
378 258 0.488294 2.15978
377 292 0.535064 2.17902
370 252 0.577273 2.19473
373 254 0.62037 2.21177
378 268 0.657905 2.22685
377 266 0.701019 2.24362
361 288 0.738248 2.25762
354 312 0.786007 2.27858
360 318 0.829427 2.29758
363 308 0.833112 2.29774
330 221 0.811847 2.28661
358 198 0.81935 2.29183
367 213 0.851859 2.3004
356 230 0.891576 2.31804
353 230 0.932192 2.33795
367 247 0.970697 2.35481
334 248 1.00754 2.371
339 248 1.04363 2.38905
354 247 1.07859 2.40735
353 254 1.11915 2.42358
339 181 1.16216 2.4414
346 197 1.19995 2.45813
271 228 1.23828 2.47522
283 34 1.28188 2.49261
312 110 1.32171 2.51594
242 110 1.33747 2.52425
440 200 1.34449 2.52287
440 202 1.38843 2.5478
440 202 1.43164 2.56573
440 202 1.47043 2.58897
440 202 1.50975 2.60473
440 202 1.55281 2.62595
289 0 1.58948 2.64497
189 82 1.62993 2.66492
189 82 1.63792 2.66866
189 82 1.65574 2.67691
189 82 1.69759 2.6983
189 82 1.74079 2.72028
189 82 1.78819 2.7417
189 82 1.83166 2.76649
189 82 1.87523 2.78646
189 82 1.92056 2.80975
189 82 1.96169 2.83162
189 82 2.00151 2.85348
189 82 2.03677 2.87339
189 82 2.07237 2.89229
189 82 2.10137 2.90915
189 82 2.13785 2.93018
507 177 2.17349 2.95028
547 180 2.21974 2.97527
547 180 2.28103 3.00249
547 180 2.35428 3.02307
547 180 2.42619 3.04057
362 159 2.47482 3.35024
135 0 2.61764 3.47992
467 201 2.64944 3.47892
360 152 2.65472 3.47974
266 0 2.64387 3.35603
346 230 2.67772 3.35682
345 173 2.68505 3.35478
279 150 2.69653 3.35422
6 62 2.72858 3.35159
284 235 2.76247 3.34978
291 215 2.79615 3.35242
0 140 2.83318 3.34656
15 150 2.87713 3.34488
15 150 2.92031 3.34701
15 150 2.96231 3.35208
15 150 2.44125 3.73397
15 150 2.44061 3.75348
15 150 2.38343 3.7623
15 150 2.38343 3.7623
15 150 2.49666 3.81924
15 150 2.69925 3.88222
15 150 2.98186 4.02843
15 150 3.01031 4.04077
15 150 3.07682 4.05652
15 150 3.10627 4.07386
15 150 3.13238 4.09174
15 150 3.16203 4.11277
15 150 3.41399 3.97344
15 150 3.4444 4.00304
15 150 3.4744 4.0338
15 150 3.50504 4.07392
15 150 3.5246 4.10342
15 150 3.54973 4.14335
15 150 3.56866 4.18397
15 150 3.58381 4.22869
15 150 3.59368 4.26338
15 150 3.59823 4.29956
15 150 3.60321 4.33657
15 150 3.6087 4.37743
15 150 3.6104 4.41099
15 150 3.61056 4.44728
15 150 3.609 4.48056
15 150 3.60364 4.52178
15 150 3.58784 4.54919
15 150 3.5736 4.57453
15 150 3.56168 4.62062
15 150 3.54868 4.65736
199 227 3.53197 4.69084
316 239 3.51304 4.72339
304 240 3.5004 4.75036
315 240 3.48752 4.76776
324 238 3.47181 4.78866
310 234 3.45633 4.80911
311 236 3.4418 4.8277
321 226 3.42484 4.85053
640 172 3.40803 4.8693
469 211 3.39041 4.89242
354 224 3.37829 4.91112
326 210 3.36427 4.92389
640 0 3.34372 4.94475
518 110 3.32336 4.96517
365 227 3.32195 4.96737
419 220 3.32144 4.97046
476 210 3.30181 4.99214
411 230 3.28143 5.01127
413 230 3.25555 5.03433
417 234 3.22784 5.0617
640 54 3.20801 5.07904
483 229 3.18428 5.09965
508 240 3.17983 5.10303
516 246 3.17398 5.10988
402 276 3.15513 5.12609
344 251 3.14419 5.13572
318 268 3.12425 5.15043
388 304 3.0966 5.17466
478 100 3.0675 5.20291
397 263 3.03653 5.22739
365 88 3.00591 5.25316
527 236 2.97369 5.27761
564 221 2.94333 5.30324
564 221 2.9122 5.33465
564 221 2.87951 5.36849
564 221 2.84243 5.41491
564 221 2.81219 5.45708
564 221 2.78374 5.50083
597 192 2.76649 5.54332
576 220 2.75572 5.58267
504 0 2.74963 5.61962
498 238 2.74546 5.65221
640 0 2.74255 5.66182
594 26 2.7463 5.66882
640 0 2.74465 5.68145
539 221 2.74356 5.6787
557 130 2.74233 5.67643
557 130 2.747 5.70048
557 130 2.75164 5.73371
557 130 2.75665 5.76833
557 130 2.76547 5.80398
557 130 2.77617 5.83852
557 130 2.77617 5.83852
427 80 2.52615 6.08144
329 154 2.52615 6.08144
330 215 2.5511 6.09158
388 188 2.55407 6.10807
333 133 2.56436 6.12908
334 74 2.57466 6.15822
344 242 2.58812 6.18836
347 204 2.60364 6.21961
351 220 2.61573 6.24785
342 278 2.62989 6.2835
345 182 2.65343 6.31323
346 180 2.66954 6.35864
375 20 2.69399 6.39457
360 195 2.70468 6.43574
358 214 2.70248 6.44639
376 138 2.70387 6.45739
361 232 2.71603 6.5005
362 238 2.72822 6.53253
370 225 2.73994 6.57578
364 269 2.75008 6.61326
374 290 2.76422 6.65586
290 218 2.77825 6.69534
389 216 2.78855 6.73348
333 250 2.80189 6.77687
332 170 2.81289 6.81797
346 293 2.82262 6.87146
341 306 2.82923 6.90138
324 132 2.83557 6.9349
356 226 2.83983 6.96392
364 310 2.84466 6.99257
364 184 2.84671 7.02403
390 101 2.85387 7.05188
394 0 2.85586 7.07882
406 268 2.8604 7.10772
394 202 2.85889 7.11478
392 201 2.86263 7.11405
393 282 2.8649 7.13983
394 283 2.87315 7.1672
390 206 2.87828 7.19707
408 320 2.88512 7.22294
408 322 2.97343 7.24227
388 179 2.97199 7.2484
404 323 2.97644 7.23295
378 217 2.97018 7.22422
382 211 2.97117 7.22252
390 208 2.97329 7.22282
404 234 2.9725 7.23852
403 235 2.97516 7.2654
403 222 2.97767 7.29619
404 211 2.98077 7.32737
359 77 2.98124 7.35697
401 159 2.97857 7.38834
398 246 2.9797 7.4154
397 249 2.97824 7.44034
408 158 2.97913 7.47454
343 198 2.98001 7.50906
381 188 2.98513 7.53912
385 107 2.98947 7.57114
371 84 2.98523 7.60483
372 82 2.98339 7.63745
382 99 2.97971 7.66836
379 94 2.98077 7.69827
373 90 2.97735 7.7282
376 80 2.9688 7.75876
378 74 2.96374 7.78854
372 69 2.96374 7.78854
372 69 2.96374 7.78854
371 162 2.96374 7.78854
354 438 2.96374 7.78854
390 88 2.96374 7.78854
372 0 2.96374 7.78854
331 0 2.98498 7.79022
334 0 3.01109 7.79399
334 0 2.99876 7.79162
334 0 3.04331 7.79594
334 0 3.04387 7.79692
334 0 3.03731 7.79589
334 0 3.05183 7.79814
343 112 3.05039 7.79941
