0 0 0 0 0 0
0 0 0 0 0 0
0 0 0 0 0 0
0 0 0 0 0 0
0 0 0 0 0 0
0 0 0 0 0 0
0 0 0 0 0 0
0 0 0 0 0 0
0 0 0 0 0 0
0 0 0 0 0 0
0 0 0 0 0 0
0 0 0 0 0 0
0 0 0 0 0 0
0 0 0 0 0 0
0 0 0 0 0 0
0 0 0 0 0 0
0 0 0 0 0 0
0 0 0 0 0 0
0 0 0 0 0 0
0 0 0 0 0 0
0 0 0 0 0 0
0 0 0 0 0 0
0 0 0 0 0 0
0 0 0 0 0 0
0 0 0 0 0 0
0 0 0 0 0 0
0 0 0 0 0 0
0 0 0 0 0 0
0 0 0 0 0 0
0 0 0 0 0 0
0 0 0 0 0 0
0 0 0 0 0 0
0 0 0 0 0 0
0 0 0 0 0 0
0 0 0 0 0 0
0 0 0 0 0 0
0 0 0 0 0 0
0 0 0 0 0 0
0 0 0 0 0 0
0 0 0 0 0 0
0 0 0 0 0 0
0 0 0 0 0 0
0 0 0 0 0 0
0 0 0 0 0 0
0 0 0 0 0 0
0 0 0 0 0 0
0 0 0 0 0 0
0 0 0 0 0 0
0 0 0 0 0 0
0 0 0 0 0 0
0 0 0 0 0 0
0 0 0 0 0 0
0 0 0 0 0 0
0 0 0 0 0 0
194 152 0 0 0 0
218 136 0 0 0 0
218 136 0 0 0 0
218 136 0 0 0 0
218 136 0 0 0 0
218 136 0 0 0 0
218 136 0 0 0 0
218 136 0 0 0 0
218 136 0 0 0 0
218 136 0 0 0 0
218 136 0 0 0 0
218 136 0 0 0 0
275 49 0 0 0 0
174 74 0 0 0 0
268 152 0 0 0 0
272 155 0 0 0 0
209 88 0 0 0 0
156 82 0 0 0 0
148 70 0 0 0 0
197 80 0 0 0 0
201 80 0 0 0 0
202 80 0 0 0 0
202 80 0 0 0 0
201 78 0 0 0 0
291 172 0 0 0 0
322 204 0 0 0 0
364 250 0 0 0 0
378 265 0 0 0 0
387 280 0 0 0 0
389 280 0 0 0 0
390 280 0 0 0 0
397 279 0 0 0 0
401 277 0 0 0 0
403 276 0 0 0 0
404 276 0 0 0 0
403 279 0 0 0 0
401 281 0 0 0 0
399 282 0 0 0 0
374 278 0 0 0 0
364 278 0 0 0 0
378 286 0 0 0 0
384 288 0 0 0 0
403 289 0 0 0 0
425 293 0 0 0 0
428 294 0 0 0 0
416 289 0 0 0 0
405 286 0 0 0 0
462 311 0 0 0 0
431 302 0 0 0 0
401 294 0 0 0 0
401 294 0 0 0 0
401 294 0 0 0 0
384 272 0 0 0 0
385 248 0 0 0 0
414 266 0 0 0 0
426 269 0 0 0 0
424 254 0 0 0 0
424 254 0 0 0 0
424 254 0 0 0 0
424 254 0 0 0 0
424 254 0 0 0 0
424 254 0 0 0 0
424 254 0 0 0 0
424 254 0 0 0 0
428 254 0 0 0 0
444 276 0 0 0 0
468 254 0 0 0 0
479 264 0 0 0 0
532 264 0 0 0 0
558 251 0 0 0 0
459 240 0 0 0 0
460 251 0 0 0 0
545 298 0 0 0 0
547 300 0 0 0 0
532 293 0 0 0 0
521 286 0 0 0 0
516 283 0 0 0 0
399 277 0 0 0 0
394 277 0 0 0 0
402 276 0 0 0 0
410 276 0 0 0 0
412 275 0 0 0 0
406 272 0 0 0 0
401 266 0 0 0 0
404 262 0 0 0 0
410 260 0 0 0 0
416 260 0 0 0 0
421 262 0 0 0 0
422 262 0 0 0 0
422 262 0 0 0 0
422 262 0 0 0 0
422 262 0 0 0 0
422 262 0 0 0 0
422 262 0 0 0 0
422 262 0 0 0 0
422 262 0 0 0 0
422 262 0 0 0 0
422 262 0 0 0 0
422 262 0 0 0 0
422 262 0 0 0 0
422 262 0 0 0 0
422 262 0 0 0 0
422 262 0 0 0 0
422 262 0 0 0 0
422 262 0 0 0 0
426 230 0 0 0 0
495 263 0 0 0 0
493 264 0 0 0 0
490 262 0 0 0 0
489 246 0 0 0 0
511 246 0 0 0 0
571 274 0 0 0 0
572 274 0 0 0 0
573 273 0 0 0 0
573 273 0 0 0 0
573 273 0 0 0 0
608 272 0 0 0 0
513 262 0 0 0 0
388 264 0 0 0 0
388 262 0 0 0 0
388 257 0 0 0 0
388 255 0 0 0 0
388 253 0 0 0 0
412 254 0 0 0 0
414 253 0 0 0 0
414 315 0 0 0 0
405 322 0 0 0 0
405 322 0 0 0 0
405 322 0 0 0 0
405 322 0 0 0 0
405 322 0 0 0 0
405 322 0 0 0 0
405 322 0 0 0 0
391 325 0 0 0 0
391 325 0 0 0 0
391 325 0 0 0 0
377 338 0 0 0 0
377 338 0 0 0 0
380 295 0 0 0 0
388 224 0 0 0 0
384 238 0 0 0 0
385 244 0 0 0 0
388 238 0 0 0 0
389 238 0 0 0 0
389 238 0 0 0 0
409 228 0 0 0 0
422 222 0 0 0 0
363 232 0 0 0 0
145 206 0 0 0 0
84 194 0 0 0 0
174 177 0 0 0 0
201 182 0 0 0 0
205 174 0 0 0 0
205 174 0 0 0 0
245 170 0 0 0 0
245 170 0 0 0 0
348 185 0 0 0 0
348 185 0 0 0 0
377 193 0 0 0 0
379 185 0 0 0 0
381 186 0 0 0 0
414 210 0 0 0 0
421 217 0 0 0 0
422 214 0 0 0 0
297 202 0 0 0 0
319 234 0 0 0 0
362 240 0 0 0 0
373 244 0 0 0 0
389 248 0 0 0 0
395 245 0 0 0 0
395 245 0 0 0 0
395 232 0 0 0 0
412 243 0 0 0 0
444 245 0 0 0 0
458 243 0 0 0 0
443 241 0 0 0 0
347 236 0 0 0 0
319 248 0 0 0 0
348 246 0 0 0 0
383 231 0 0 0 0
382 231 0 0 0 0
382 231 0 0 0 0
382 231 0 0 0 0
382 232 0 0 0 0
415 250 0 0 0 0
444 243 0 0 0 0
456 233 0 0 0 0
424 241 0 0 0 0
372 250 0 0 0 0
370 249 0 0 0 0
368 247 0 0 0 0
372 246 0 0 0 0
373 245 0 0 0 0
377 242 0 0 0 0
383 236 0 0 0 0
374 236 0 0 0 0
365 237 0 0 0 0
302 234 0 0 0 0
263 221 0 0 0 0
218 203 0 0 0 0
219 204 0 0 0 0
218 204 0 0 0 0
217 202 0 0 0 0
265 207 0 0 0 0
294 213 0 0 0 0
297 212 0 0 0 0
310 212 0 0 0 0
345 226 0 0 0 0
345 223 0 0 0 0
357 212 0 0 0 0
357 212 0 0 0 0
357 212 0 0 0 0
357 212 0 0 0 0
357 212 0 0 0 0
357 212 0 0 0 0
358 212 0 0 0 0
358 212 0 0 0 0
387 210 0 0 0 0
414 204 0 0 0 0
422 203 0 0 0 0
422 201 0 0 0 0
419 200 0 0 0 0
396 202 0 0 0 0
352 210 0 0 0 0
323 214 0 0 0 0
290 215 0 0 0 0
231 205 0 0 0 0
306 217 0 0 0 0
308 218 0 0 0 0
318 218 0 0 0 0
321 209 0 0 0 0
350 206 0 0 0 0
366 219 0 0 0 0
366 219 0 0 0 0
366 219 0 0 0 0
366 219 0 0 0 0
366 219 0 0 0 0
366 219 0 0 0 0
366 219 0 0 0 0
398 214 0 0 0 0
398 213 0 0 0 0
390 216 0 0 0 0
380 220 0 0 0 0
360 228 0 0 0 0
353 239 0 0 0 0
339 234 0 0 0 0
339 234 0 0 0 0
339 234 0 0 0 0
339 234 0 0 0 0
339 234 0 0 0 0
339 234 0 0 0 0
339 234 0 0 0 0
339 234 0 0 0 0
339 234 0 0 0 0
339 234 0 0 0 0
339 234 0 0 0 0
339 234 0 0 0 0
339 234 0 0 0 0
339 234 0 0 0 0
339 234 0 0 0 0
339 234 0 0 0 0
339 234 0 0 0 0
339 234 0 0 0 0
339 234 0 0 0 0
339 234 0 0 0 0
339 234 0 0 0 0
339 234 -0.000915655 -0.00285884 0.247525 7.444
339 234 7.70081e-05 0.00153894 0.248441 7.44686
339 234 -0.000719686 0.00210871 0.247448 7.44246
339 234 -0.0018408 0.00594893 0.248245 7.44189
339 234 0.000155957 0.00631004 0.249366 7.43805
339 234 -0.00275819 0.00637265 0.247369 7.43769
339 234 -0.0032311 0.0118967 0.250283 7.43763
387 250 -0.000610529 0.0194844 0.250756 7.4321
401 277 0.000809402 0.0276439 0.248136 7.42452
529 480 -0.000923472 0.0337506 0.246716 7.41636
441 460 -0.000795701 0.0441066 0.248449 7.41025
422 268 -0.00130448 0.0510001 0.248321 7.39989
382 254 -0.00182656 0.0553256 0.24883 7.393
380 252 -0.00290301 0.0596564 0.249352 7.38867
292 76 -0.00429227 0.0643921 0.250428 7.38434
413 244 -0.00227542 0.0739185 0.251817 7.37961
416 241 -0.00247412 0.081542 0.249801 7.37008
371 182 -0.00176269 0.0904463 0.249999 7.36246
383 262 -0.00120835 0.0984147 0.249288 7.35355
383 264 -0.000838284 0.106424 0.248733 7.34559
422 337 -0.00377427 0.114522 0.248363 7.33758
422 337 -0.00630419 0.127437 0.251299 7.32948
422 337 -0.00662859 0.135866 0.253829 7.31656
422 337 -0.00878746 0.14789 0.254154 7.30813
422 337 -0.00807698 0.154124 0.256313 7.29611
464 419 -0.00997909 0.161957 0.255602 7.28988
464 419 -0.0120764 0.169469 0.257504 7.28204
464 419 -0.0163599 0.186258 0.259601 7.27453
464 419 -0.0167472 0.189293 0.263885 7.25774
464 419 -0.0137036 0.195482 0.264272 7.25471
464 419 -0.0187295 0.207772 0.261229 7.24852
464 419 -0.0182347 0.219334 0.266255 7.23623
464 419 -0.0214725 0.229319 0.26576 7.22467
464 419 -0.0228832 0.237132 0.268998 7.21468
464 419 -0.0252726 0.24179 0.270408 7.20687
464 419 -0.0260244 0.250507 0.272798 7.20221
464 419 -0.0274932 0.257205 0.27355 7.19349
464 419 -0.0309512 0.264826 0.275018 7.18679
464 419 -0.0331166 0.27471 0.278476 7.17917
464 419 -0.0349427 0.28236 0.280642 7.16929
464 419 -0.038856 0.291059 0.282468 7.16164
464 419 -0.0401449 0.296779 0.286381 7.15294
464 419 -0.0426533 0.305957 0.28767 7.14722
464 419 -0.0429409 0.315002 0.290178 7.13804
464 419 -0.0446505 0.324119 0.290466 7.129
464 419 -0.048082 0.331506 0.292176 7.11988
464 419 -0.0493736 0.341069 0.295607 7.11249
464 419 -0.0510954 0.35164 0.296899 7.10293
464 419 -0.0537137 0.361915 0.29862 7.09236
464 419 -0.0546603 0.370459 0.301239 7.08209
464 419 -0.056778 0.380941 0.302185 7.07354
464 419 -0.0604327 0.388642 0.304303 7.06306
464 419 -0.0611999 0.397737 0.307958 7.05536
464 419 -0.0640302 0.408028 0.308725 7.04626
464 419 -0.0656809 0.416979 0.311555 7.03597
464 419 -0.0690042 0.429237 0.313206 7.02702
464 419 -0.0689689 0.437286 0.316529 7.01476
464 419 -0.067503 0.448538 0.316494 7.00671
464 419 -0.0694525 0.457747 0.315028 6.99546
464 419 -0.0723871 0.46757 0.316978 6.98625
464 419 -0.0733077 0.47899 0.319912 6.97643
464 419 -0.0758449 0.488603 0.320833 6.96501
464 419 -0.0771873 0.498116 0.32337 6.9554
464 419 -0.0775579 0.507951 0.324712 6.94588
464 419 -0.0771583 0.518932 0.325083 6.93605
464 419 -0.0757789 0.530288 0.324683 6.92507
464 419 -0.0791145 0.541884 0.323304 6.91371
464 419 -0.0779112 0.553194 0.32664 6.90212
464 419 -0.0802258 0.560821 0.325436 6.89081
464 419 -0.0823655 0.572759 0.327751 6.88318
464 419 -0.0845195 0.581413 0.329891 6.87124
464 419 -0.0849864 0.587923 0.332045 6.86259
464 419 -0.0842372 0.598556 0.332512 6.85608
464 419 -0.0851218 0.605276 0.331762 6.84544
464 419 -0.0852076 0.616994 0.332647 6.83872
464 419 -0.0866755 0.628246 0.332733 6.82701
464 419 -0.089529 0.636564 0.334201 6.81575
464 419 -0.0923869 0.646979 0.337054 6.80744
464 419 -0.0933247 0.65813 0.339912 6.79702
464 419 -0.0941289 0.663604 0.34085 6.78587
464 419 -0.0925697 0.675233 0.341654 6.7804
464 419 -0.0922705 0.682823 0.340095 6.76877
464 419 -0.0948437 0.691763 0.339796 6.76118
464 419 -0.0932143 0.703886 0.342369 6.75224
464 419 -0.0946835 0.714749 0.340739 6.74011
464 419 -0.0987929 0.72435 0.342209 6.72925
464 419 -0.100465 0.73508 0.346318 6.71965
464 419 -0.100286 0.743812 0.34799 6.70892
464 419 -0.100176 0.754588 0.347811 6.70019
464 419 -0.103021 0.763219 0.347701 6.68941
464 419 -0.101911 0.772994 0.350546 6.68078
464 419 -0.103563 0.784916 0.349436 6.67101
464 419 -0.104867 0.795392 0.351089 6.65908
464 419 -0.104013 0.805945 0.352392 6.64861
464 419 -0.105139 0.812898 0.351538 6.63806
464 419 -0.106918 0.823785 0.352664 6.6311
464 419 -0.106449 0.834417 0.354443 6.62021
464 419 -0.107143 0.844869 0.353974 6.60958
464 419 -0.105342 0.855611 0.354668 6.59913
464 419 -0.105048 0.856173 0.352868 6.58839
464 419 -0.10666 0.867574 0.352573 6.58783
464 419 -0.11032 0.874096 0.354185 6.57643
464 419 -0.109169 0.88341 0.357845 6.5699
464 419 -0.108577 0.892939 0.356694 6.56059
464 419 -0.11213 0.900131 0.356102 6.55106
464 419 -0.11434 0.910958 0.359655 6.54387
464 419 -0.113939 0.922073 0.361865 6.53304
464 419 -0.115419 0.934206 0.361464 6.52193
464 419 -0.113789 0.944807 0.362944 6.50979
464 419 -0.114366 0.953986 0.361314 6.49919
464 419 -0.116885 0.958209 0.361891 6.49001
464 419 -0.118713 0.96948 0.36441 6.48579
464 419 -0.118589 0.980498 0.366238 6.47452
464 419 -0.119365 0.992351 0.366114 6.4635
464 419 -0.12137 1.00378 0.36689 6.45165
464 419 -0.123839 1.016 0.368896 6.44022
464 419 -0.123099 1.02768 0.371364 6.428
464 419 -0.124555 1.03374 0.370624 6.41632
464 419 -0.123431 1.04536 0.37208 6.41026
464 419 -0.12545 1.05616 0.370956 6.39864
464 419 -0.123638 1.06834 0.372975 6.38784
464 419 -0.125172 1.07977 0.371163 6.37566
464 419 -0.126891 1.09025 0.372697 6.36423
464 419 -0.129179 1.10246 0.374416 6.35375
464 419 -0.127067 1.11342 0.376704 6.34154
464 419 -0.124442 1.12388 0.374593 6.33058
464 419 -0.12799 1.13503 0.371967 6.32012
464 419 -0.127758 1.14653 0.375515 6.30897
464 419 -0.131171 1.15579 0.375283 6.29747
464 419 -0.134247 1.16521 0.378696 6.28821
464 419 -0.132143 1.1757 0.381772 6.27879
464 419 -0.134621 1.18437 0.379668 6.2683
464 419 -0.136579 1.19562 0.382146 6.25963
464 419 -0.137892 1.20708 0.384104 6.24838
464 419 -0.140409 1.2174 0.385417 6.23692
464 419 -0.14187 1.22936 0.387934 6.2266
464 419 -0.14396 1.24103 0.389395 6.21464
464 419 -0.146032 1.2524 0.391485 6.20297
464 419 -0.147416 1.26506 0.393557 6.1916
464 419 -0.148643 1.27714 0.394941 6.17894
464 419 -0.147245 1.28806 0.396168 6.16686
464 419 -0.151926 1.31134 0.39477 6.15594
464 419 -0.150197 1.31566 0.399451 6.13266
464 419 -0.15047 1.32661 0.397722 6.12834
464 419 -0.15214 1.33081 0.397995 6.11739
464 419 -0.151986 1.3358 0.399665 6.11319
464 419 -0.15275 1.34443 0.399511 6.1082
464 419 -0.153772 1.35287 0.400275 6.09957
464 419 -0.15516 1.36111 0.401297 6.09113
464 419 -0.156136 1.36919 0.402685 6.08289
464 419 -0.155957 1.38031 0.403661 6.07481
464 419 -0.157355 1.38959 0.403482 6.06369
464 419 -0.158631 1.39949 0.40488 6.05441
464 419 -0.159815 1.40942 0.406156 6.04451
464 419 -0.161709 1.41812 0.407341 6.03458
464 419 -0.163797 1.43122 0.409234 6.02588
464 419 -0.164108 1.44196 0.411322 6.01278
464 419 -0.164897 1.44726 0.411633 6.00204
464 419 -0.166496 1.45797 0.412422 5.99674
464 419 -0.168781 1.47003 0.414021 5.98603
464 419 -0.171119 1.48056 0.416306 5.97397
464 419 -0.172573 1.49225 0.418644 5.96344
464 419 -0.174922 1.50248 0.420098 5.95175
464 419 -0.177025 1.51402 0.422447 5.94152
464 419 -0.179002 1.52614 0.42455 5.92998
464 419 -0.178358 1.5349 0.426527 5.91786
464 419 -0.178444 1.54578 0.425884 5.9091
464 419 -0.179576 1.55625 0.425969 5.89822
464 419 -0.181298 1.56766 0.427101 5.88775
464 419 -0.182237 1.578 0.428824 5.87634
464 419 -0.181939 1.58745 0.429762 5.866
464 419 -0.183672 1.59795 0.429464 5.85655
464 419 -0.183544 1.60783 0.431197 5.84605
464 419 -0.183973 1.61827 0.431069 5.83617
464 419 -0.185265 1.62878 0.431498 5.82573
464 419 -0.18462 1.63965 0.432791 5.81522
464 419 -0.178053 1.65241 0.432145 5.80435
464 419 -0.180522 1.66293 0.425578 5.79159
464 419 -0.178428 1.67468 0.428047 5.78107
464 419 -0.179163 1.68646 0.425953 5.76932
464 419 -0.181122 1.69562 0.426688 5.75754
464 419 -0.179322 1.70615 0.428648 5.74838
464 419 -0.182461 1.71824 0.426847 5.73785
464 419 -0.184672 1.72957 0.429986 5.72576
464 419 -0.18397 1.73718 0.432197 5.71443
464 419 -0.184936 1.75152 0.431495 5.70682
464 419 -0.184115 1.76183 0.432462 5.69248
464 419 -0.186293 1.77354 0.431641 5.68217
464 419 -0.184905 1.78214 0.433818 5.67046
464 419 -0.184018 1.79673 0.43243 5.66186
464 419 -0.18302 1.80573 0.431543 5.64727
464 419 -0.182307 1.82057 0.430545 5.63827
464 419 -0.182633 1.83 0.429832 5.62343
464 419 -0.181174 1.84404 0.430158 5.614
464 419 -0.179013 1.85707 0.428699 5.59996
464 419 -0.179039 1.87163 0.426538 5.58693
464 419 -0.177661 1.87916 0.426564 5.57237
464 419 -0.175286 1.89188 0.425186 5.56484
464 419 -0.174971 1.9044 0.422812 5.55212
464 419 -0.171986 1.9171 0.422496 5.5396
464 419 -0.174363 1.92431 0.419511 5.5269
464 419 -0.172107 1.93778 0.421888 5.51969
464 419 -0.17207 1.94773 0.419632 5.50622
464 419 -0.171598 1.96196 0.419595 5.49627
464 419 -0.169288 1.97173 0.419124 5.48204
464 419 -0.165844 1.9844 0.416813 5.47227
464 419 -0.164009 1.99578 0.413369 5.4596
464 419 -0.162251 2.00815 0.411535 5.44822
464 419 -0.161331 2.01926 0.409776 5.43585
464 419 -0.157084 2.03192 0.408856 5.42474
464 419 -0.155699 2.04412 0.404609 5.41208
464 419 -0.154471 2.05683 0.403224 5.39988
464 419 -0.150934 2.06841 0.401996 5.38717
464 419 -0.149127 2.07983 0.398459 5.37559
464 419 -0.146311 2.09078 0.396652 5.36417
464 419 -0.14428 2.10243 0.393836 5.35322
464 419 -0.142881 2.11172 0.391805 5.34157
464 419 -0.141009 2.1238 0.390406 5.33228
464 419 -0.139116 2.13765 0.388534 5.3202
464 419 -0.13706 2.15162 0.386641 5.30635
464 419 -0.133845 2.16341 0.384585 5.29238
464 419 -0.127467 2.18028 0.38137 5.28059
464 419 -0.120698 2.19946 0.374992 5.26372
464 419 -0.112571 2.21431 0.368223 5.24454
464 419 -0.104574 2.22766 0.360096 5.22969
464 419 -0.0956342 2.24138 0.352099 5.21634
464 419 -0.0856922 2.25327 0.343159 5.20262
464 419 -0.0836731 2.26015 0.333217 5.19073
464 419 -0.0806541 2.26467 0.331198 5.18385
464 419 -0.0771156 2.27395 0.328179 5.17933
464 419 -0.0742042 2.28338 0.324641 5.17005
464 419 -0.0710307 2.29368 0.321729 5.16062
464 419 -0.0666626 2.30138 0.318556 5.15032
464 419 -0.0619977 2.31211 0.314188 5.14262
464 419 -0.0574248 2.32129 0.309523 5.13189
464 419 -0.0541525 2.32831 0.30495 5.12271
464 419 -0.0495143 2.33908 0.301678 5.11569
464 419 -0.0442857 2.34656 0.297039 5.10492
464 419 -0.0421999 2.35351 0.291811 5.09744
464 419 -0.0366568 2.36558 0.289725 5.09049
464 419 -0.0327773 2.37516 0.284182 5.07842
464 419 -0.0277681 2.38563 0.280302 5.06884
464 419 -0.0192334 2.39444 0.275293 5.05837
464 419 -0.00910139 2.40825 0.266759 5.04956
464 419 0.0023839 2.41885 0.256626 5.03575
464 419 0.0133603 2.43047 0.245141 5.02515
464 419 0.0248049 2.44156 0.234165 5.01353
464 419 0.0266548 2.44759 0.22272 5.00244
464 419 0.032447 2.45467 0.22087 4.99641
464 419 0.0373117 2.46202 0.215078 4.98933
464 419 0.0442279 2.4723 0.210213 4.98198
464 419 0.0501917 2.47956 0.203297 4.9717
464 419 0.0648981 2.48972 0.197333 4.96444
464 419 0.0786172 2.50046 0.182627 4.95428
464 419 0.0852 2.5107 0.168908 4.94354
464 419 0.0878961 2.51655 0.162325 4.9333
464 419 0.0957753 2.52502 0.159629 4.92745
464 419 0.100218 2.53128 0.15175 4.91898
464 419 0.106229 2.54081 0.147307 4.91272
464 419 0.11348 2.54797 0.141296 4.90319
464 419 0.118666 2.55614 0.134045 4.89603
464 419 0.1244 2.56608 0.128859 4.88786
464 419 0.12872 2.57453 0.123125 4.87792
464 419 0.135141 2.5826 0.118806 4.86947
464 419 0.144019 2.5921 0.112384 4.8614
464 419 0.156382 2.6018 0.103506 4.8519
464 419 0.169247 2.60893 0.0911435 4.8422
464 419 0.173682 2.61617 0.0782781 4.83507
464 419 0.182592 2.62546 0.0738433 4.82783
464 419 0.187202 2.6308 0.0649328 4.81854
464 419 0.19489 2.63806 0.0603228 4.8132
464 419 0.201373 2.64428 0.0526347 4.80594
464 419 0.210139 2.65162 0.0461524 4.79972
464 419 0.217799 2.6598 0.037386 4.79238
464 419 0.226995 2.66637 0.0297266 4.7842
464 419 0.232043 2.67452 0.02053 4.77763
464 419 0.239698 2.68114 0.0154826 4.76948
464 419 0.247881 2.68779 0.00782672 4.76286
464 419 0.257579 2.69707 -0.000355627 4.75621
464 419 0.265243 2.70562 -0.010054 4.74693
464 419 0.272027 2.71365 -0.0177183 4.73838
464 419 0.281439 2.72235 -0.0245022 4.73035
464 419 0.289201 2.72871 -0.0339135 4.72165
464 419 0.29719 2.73414 -0.041676 4.71529
464 419 0.304158 2.74191 -0.0496646 4.70986
464 419 0.312456 2.74899 -0.0566332 4.70209
464 419 0.322254 2.75695 -0.0649307 4.69501
464 419 0.331392 2.76444 -0.0747293 4.68705
464 419 0.348586 2.7721 -0.0838668 4.67956
464 419 0.363118 2.77731 -0.101061 4.6719
464 419 0.381319 2.78354 -0.115593 4.66669
464 419 0.394888 2.78745 -0.133794 4.66046
464 419 0.416633 2.79525 -0.147363 4.65655
464 419 0.434887 2.80031 -0.169108 4.64875
464 419 0.349658 2.92711 -0.187362 4.64369
464 419 0.366073 2.93078 -0.102133 4.51689
464 419 0.368256 2.93062 -0.118548 4.51322
464 419 0.376153 2.93383 -0.120731 4.51338
464 419 0.382345 2.93413 -0.128628 4.51017
464 419 0.393173 2.93916 -0.13482 4.50987
464 419 0.396467 2.93966 -0.145648 4.50484
464 419 0.40654 2.94598 -0.148942 4.50434
464 419 0.415149 2.94907 -0.159015 4.49802
464 419 0.422321 2.95343 -0.167624 4.49493
464 419 0.428066 2.95554 -0.174796 4.49057
464 419 0.43795 2.95307 -0.180541 4.48846
464 419 0.445613 2.95675 -0.190425 4.49093
464 419 0.449322 2.9612 -0.198088 4.48725
464 419 0.458818 2.96557 -0.201797 4.4828
464 419 0.468321 2.97106 -0.211292 4.47843
464 419 0.479931 2.97208 -0.220796 4.47294
464 419 0.489012 2.97637 -0.232406 4.47192
464 419 0.494414 2.98025 -0.241487 4.46763
464 419 0.501338 2.98235 -0.246889 4.46375
464 419 0.510249 2.98352 -0.253813 4.46165
464 419 0.514079 2.98575 -0.262724 4.46048
464 419 0.526959 2.98829 -0.266554 4.45825
464 419 0.531948 2.99383 -0.279433 4.45571
464 419 0.535137 2.99816 -0.284423 4.45017
464 419 0.546715 2.99941 -0.287611 4.44584
464 419 0.554851 2.99862 -0.29919 4.44459
464 419 0.569331 3.00083 -0.307326 4.44538
464 419 0.577242 3.00174 -0.321806 4.44317
464 419 0.580592 3.0058 -0.329717 4.44226
464 419 0.587388 3.00656 -0.333067 4.4382
464 419 0.596814 3.00808 -0.339863 4.43744
464 419 0.601596 3.01208 -0.349289 4.43592
464 419 0.606454 3.0157 -0.354071 4.43192
464 419 0.611693 3.01922 -0.358929 4.4283
464 419 0.6156 3.0221 -0.364168 4.42478
464 419 0.6198 3.02574 -0.368075 4.4219
464 419 0.631788 3.0235 -0.372275 4.41826
464 419 0.635472 3.02603 -0.384263 4.4205
464 419 0.642512 3.024 -0.387947 4.41797
464 419 0.650305 3.02933 -0.394987 4.42
464 419 0.657691 3.03202 -0.40278 4.41467
464 419 0.668663 3.03977 -0.410166 4.41198
464 419 0.675521 3.04593 -0.421138 4.40423
464 419 0.686697 3.04924 -0.427996 4.39807
464 419 0.692548 3.05031 -0.439172 4.39476
464 419 0.703653 3.0528 -0.445022 4.39369
464 419 0.714923 3.05348 -0.456128 4.3912
464 419 0.718352 3.05643 -0.467398 4.39052
464 419 0.729954 3.06353 -0.470827 4.38757
464 419 0.73756 3.06265 -0.482429 4.38047
464 419 0.750858 3.0635 -0.490035 4.38135
464 419 0.760414 3.06226 -0.503333 4.3805
464 419 0.771829 3.06178 -0.512889 4.38174
464 419 0.782335 3.06765 -0.524303 4.38222
464 419 0.793939 3.06786 -0.53481 4.37635
464 419 0.802129 3.07386 -0.546414 4.37614
464 419 0.811861 3.07171 -0.554604 4.37014
464 419 0.820292 3.07833 -0.564335 4.37229
464 419 0.829569 3.07546 -0.572767 4.36567
464 419 0.840031 3.07549 -0.582044 4.36854
464 419 0.848473 3.08077 -0.592506 4.36851
464 419 0.861526 3.08482 -0.600948 4.36323
464 419 0.874631 3.08286 -0.614001 4.35918
464 419 0.8837 3.08804 -0.627106 4.36114
464 419 0.894176 3.08963 -0.636175 4.35596
464 419 0.901014 3.09172 -0.646651 4.35437
464 419 0.911597 3.09133 -0.653489 4.35228
464 419 0.922755 3.09293 -0.664072 4.35267
464 419 0.933389 3.09544 -0.67523 4.35107
464 419 0.942549 3.10115 -0.685864 4.34856
464 419 0.952954 3.10057 -0.695024 4.34285
464 419 0.961826 3.10076 -0.705429 4.34343
464 419 0.966721 3.09956 -0.7143 4.34324
464 419 0.975257 3.09663 -0.719196 4.34444
464 419 0.984179 3.09332 -0.727732 4.34737
464 419 0.992164 3.09145 -0.736654 4.35068
464 419 1.00195 3.09232 -0.744639 4.35255
464 419 1.01192 3.09029 -0.754426 4.35168
464 419 1.02106 3.08819 -0.764397 4.35371
464 419 1.0293 3.0871 -0.773536 4.35581
464 419 1.0377 3.0856 -0.781778 4.3569
464 419 1.05087 3.0878 -0.790172 4.3584
464 419 1.05908 3.08643 -0.803349 4.3562
464 419 1.06998 3.08613 -0.811555 4.35757
464 419 1.0802 3.08664 -0.822455 4.35787
464 419 1.09472 3.09291 -0.832672 4.35736
464 419 1.10468 3.09702 -0.847195 4.35109
464 419 1.11407 3.10304 -0.857152 4.34698
464 419 1.12465 3.10835 -0.866542 4.34096
464 419 1.13342 3.10897 -0.877124 4.33565
464 419 1.14319 3.10835 -0.885891 4.33503
464 419 1.15266 3.10637 -0.89567 4.33565
464 419 1.16421 3.11033 -0.90514 4.33763
464 419 1.17262 3.10842 -0.916688 4.33367
464 419 1.18186 3.10795 -0.925097 4.33558
464 419 1.19056 3.10756 -0.934338 4.33605
464 419 1.20239 3.1082 -0.943035 4.33644
464 419 1.21269 3.11041 -0.954865 4.3358
464 419 1.22082 3.10852 -0.965164 4.33359
464 419 1.23353 3.11309 -0.973295 4.33548
464 419 1.24628 3.11546 -0.986003 4.33091
464 419 1.25472 3.11247 -0.998755 4.32854
464 419 1.26071 3.11088 -1.00719 4.33153
464 419 1.27287 3.10872 -1.01318 4.33312
464 419 1.27939 3.10922 -1.02535 4.33528
464 419 1.28901 3.10986 -1.03187 4.33478
464 419 1.29859 3.10959 -1.04148 4.33414
464 419 1.30504 3.10983 -1.05107 4.33441
464 419 1.31631 3.10826 -1.05751 4.33417
464 419 1.32268 3.1077 -1.06878 4.33574
464 419 1.33554 3.11202 -1.07515 4.3363
464 419 1.3444 3.11121 -1.08802 4.33198
464 419 1.35063 3.109 -1.09687 4.33279
464 419 1.3614 3.11434 -1.10311 4.335
464 419 1.37286 3.11598 -1.11388 4.32966
464 419 1.38226 3.11764 -1.12534 4.32802
464 419 1.38897 3.11605 -1.13474 4.32636
464 419 1.39896 3.11166 -1.14145 4.32795
464 419 1.41316 3.1066 -1.15143 4.33234
464 419 1.4185 3.10618 -1.16564 4.3374
464 419 1.42644 3.10452 -1.17098 4.33782
464 419 1.4346 3.10273 -1.17891 4.33948
464 419 1.44451 3.10576 -1.18708 4.34127
464 419 1.45485 3.10663 -1.19699 4.33824
464 419 1.4637 3.10528 -1.20732 4.33737
464 419 1.47298 3.10606 -1.21617 4.33872
464 419 1.48289 3.10871 -1.22546 4.33794
464 419 1.4843 3.11101 -1.23536 4.33529
464 419 1.49314 3.10912 -1.23677 4.33299
464 419 1.50082 3.10704 -1.24561 4.33488
464 419 1.50617 3.10645 -1.2533 4.33696
464 419 1.5163 3.10859 -1.25864 4.33755
464 419 1.52439 3.10556 -1.26877 4.33541
464 419 1.53561 3.10711 -1.27687 4.33844
464 419 1.53901 3.10655 -1.28809 4.33689
464 419 1.54711 3.10524 -1.29148 4.33745
464 419 1.55046 3.10263 -1.29958 4.33876
464 419 1.56102 3.1045 -1.30294 4.34137
464 419 1.57145 3.1085 -1.31349 4.3395
464 419 1.58111 3.10828 -1.32392 4.3355
464 419 1.58918 3.10544 -1.33359 4.33572
464 419 1.5991 3.10515 -1.34166 4.33856
464 419 1.60774 3.10535 -1.35158 4.33885
464 419 1.61559 3.10635 -1.36021 4.33865
464 419 1.62352 3.10303 -1.36806 4.33765
464 419 1.63477 3.10662 -1.37599 4.34097
464 419 1.64069 3.10461 -1.38725 4.33738
464 419 1.65207 3.10526 -1.39317 4.33939
464 419 1.66216 3.10898 -1.40454 4.33874
464 419 1.67321 3.10998 -1.41464 4.33502
464 419 1.6846 3.11305 -1.42568 4.33402
464 419 1.6942 3.11321 -1.43708 4.33095
464 419 1.70635 3.11376 -1.44667 4.33079
464 419 1.71486 3.11017 -1.45882 4.33024
464 419 1.72428 3.10945 -1.46733 4.33383
464 419 1.73477 3.10504 -1.47675 4.33455
464 419 1.7472 3.1018 -1.48725 4.33896
464 419 1.75862 3.10143 -1.49968 4.3422
464 419 1.76907 3.10143 -1.5111 4.34257
464 419 1.7797 3.10435 -1.52155 4.34257
464 419 1.79059 3.10216 -1.53218 4.33965
464 419 1.80153 3.10313 -1.54307 4.34184
464 419 1.81302 3.10292 -1.55401 4.34087
464 419 1.82262 3.09979 -1.56549 4.34108
464 419 1.83347 3.09681 -1.57509 4.34421
464 419 1.84275 3.09324 -1.58595 4.34719
464 419 1.85179 3.09471 -1.59523 4.35076
464 419 1.86428 3.09305 -1.60426 4.34929
464 419 1.87416 3.09285 -1.61676 4.35095
464 419 1.88465 3.09516 -1.62664 4.35115
464 419 1.89833 3.0918 -1.63713 4.34884
464 419 1.91037 3.09129 -1.6508 4.3522
464 419 1.91998 3.09165 -1.66284 4.35271
464 419 1.93059 3.09303 -1.67245 4.35235
464 419 1.94154 3.09333 -1.68306 4.35097
464 419 1.95099 3.09321 -1.69402 4.35067
464 419 1.96023 3.09362 -1.70346 4.35079
464 419 1.97091 3.09546 -1.7127 4.35038
464 419 1.98173 3.09639 -1.72339 4.34854
464 419 1.99232 3.09345 -1.7342 4.34761
464 419 2.00434 3.08987 -1.7448 4.35055
464 419 2.01583 3.08831 -1.75681 4.35413
464 419 2.02816 3.08551 -1.7683 4.35569
464 419 2.03883 3.08482 -1.78063 4.35849
464 419 2.05037 3.08485 -1.7913 4.35918
464 419 2.06015 3.08781 -1.80285 4.35915
464 419 2.07171 3.08975 -1.81262 4.35619
464 419 2.08377 3.08769 -1.82419 4.35425
464 419 2.09628 3.0861 -1.83625 4.35631
464 419 2.10925 3.08776 -1.84875 4.3579
464 419 2.11991 3.08629 -1.86172 4.35624
464 419 2.13126 3.08837 -1.87238 4.35771
464 419 2.14352 3.08994 -1.88374 4.35563
464 419 2.15573 3.09159 -1.896 4.35406
464 419 2.16599 3.09279 -1.90821 4.35241
464 419 2.17661 3.09429 -1.91847 4.35121
464 419 2.18846 3.09532 -1.92908 4.34971
464 419 2.19987 3.09626 -1.94093 4.34868
464 419 2.20964 3.09726 -1.95234 4.34774
464 419 2.22048 3.09741 -1.96211 4.34674
464 419 2.23095 3.09633 -1.97295 4.34659
464 419 2.24257 3.09686 -1.98342 4.34767
464 419 2.25315 3.0958 -1.99504 4.34714
464 419 2.2626 3.09694 -2.00562 4.3482
464 419 2.27315 3.09496 -2.01507 4.34706
464 419 2.27893 3.09927 -2.02562 4.34904
464 419 2.28913 3.10038 -2.03141 4.34473
464 419 2.29848 3.1012 -2.04161 4.34362
464 419 2.30362 3.10601 -2.05096 4.3428
464 419 2.31331 3.10447 -2.05609 4.33799
464 419 2.32329 3.10284 -2.06578 4.33953
464 419 2.33369 3.10368 -2.07577 4.34116
464 419 2.33972 3.10758 -2.08616 4.34032
464 419 2.3511 3.10665 -2.09219 4.33642
464 419 2.36291 3.10433 -2.10357 4.33735
464 419 2.37411 3.10524 -2.11539 4.33967
464 419 2.3846 3.10429 -2.12659 4.33876
464 419 2.3952 3.10184 -2.13708 4.33971
464 419 2.40711 3.09985 -2.14768 4.34216
464 419 2.41799 3.1001 -2.15959 4.34415
464 419 2.42721 3.09784 -2.17047 4.3439
464 419 2.43624 3.09839 -2.17968 4.34616
464 419 2.44891 3.09522 -2.18872 4.34561
464 419 2.4551 3.09664 -2.20138 4.34878
464 419 2.46539 3.09405 -2.20757 4.34736
464 419 2.47587 3.0925 -2.21786 4.34995
464 419 2.48338 3.09477 -2.22835 4.3515
464 419 2.49317 3.09469 -2.23586 4.34923
464 419 2.50289 3.09433 -2.24564 4.34931
464 419 2.51364 3.09396 -2.25537 4.34967
464 419 2.52143 3.09572 -2.26611 4.35004
464 419 2.53135 3.09683 -2.2739 4.34828
464 419 2.54014 3.09353 -2.28382 4.34717
464 419 2.54917 3.09393 -2.29262 4.35047
464 419 2.55839 3.09522 -2.30165 4.35007
464 419 2.56556 3.09218 -2.31086 4.34878
464 419 2.57673 3.09146 -2.31804 4.35182
464 419 2.58533 3.08807 -2.32921 4.35254
464 419 2.59412 3.08924 -2.3378 4.35593
464 419 2.60397 3.08975 -2.3466 4.35476
464 419 2.61161 3.08622 -2.35644 4.35425
464 419 2.61992 3.08814 -2.36409 4.35778
464 419 2.63012 3.08824 -2.37239 4.35586
464 419 2.64035 3.08781 -2.38259 4.35576
464 419 2.64778 3.08537 -2.39282 4.35619
464 419 2.65687 3.08514 -2.40026 4.35863
464 419 2.66655 3.08467 -2.40934 4.35886
464 419 2.67553 3.08452 -2.41903 4.35933
464 419 2.68601 3.0849 -2.42801 4.35948
464 419 2.69387 3.08594 -2.43849 4.3591
464 419 2.70202 3.08661 -2.44635 4.35806
464 419 2.71393 3.08546 -2.4545 4.35739
464 419 2.72269 3.08514 -2.4664 4.35854
464 419 2.73142 3.08574 -2.47517 4.35886
464 419 2.74138 3.08625 -2.48389 4.35826
464 419 2.75012 3.08556 -2.49386 4.35775
464 419 2.75924 3.08499 -2.5026 4.35844
464 419 2.76891 3.0859 -2.51172 4.35901
464 419 2.77788 3.08543 -2.52138 4.3581
464 419 2.78945 3.08323 -2.53036 4.35857
464 419 2.79859 3.08344 -2.54192 4.36077
464 419 2.80832 3.08287 -2.55106 4.36056
464 419 2.81856 3.08157 -2.5608 4.36113
464 419 2.82818 3.08062 -2.57103 4.36243
464 419 2.83803 3.07931 -2.58066 4.36338
464 419 2.84767 3.07873 -2.59051 4.36469
464 419 2.85669 3.07898 -2.60014 4.36527
464 419 2.86181 3.08151 -2.60916 4.36502
464 419 2.86931 3.08235 -2.61428 4.36249
464 419 2.87818 3.08213 -2.62178 4.36165
464 419 2.88895 3.08357 -2.63066 4.36187
464 419 2.89874 3.08304 -2.64143 4.36043
464 419 2.90878 3.0826 -2.65122 4.36096
464 419 2.91939 3.08114 -2.66125 4.3614
464 419 2.9294 3.07977 -2.67186 4.36286
464 419 2.93965 3.07808 -2.68187 4.36423
464 419 2.94897 3.07694 -2.69213 4.36592
464 419 2.95901 3.07813 -2.70145 4.36706
464 419 2.97067 3.07661 -2.71149 4.36587
464 419 2.98038 3.07539 -2.72315 4.36739
464 419 2.98879 3.07562 -2.73286 4.36861
464 419 3.00141 3.07302 -2.74126 4.36838
464 419 3.01073 3.07426 -2.75389 4.37098
464 419 3.02287 3.07395 -2.7632 4.36974
464 419 3.03508 3.07326 -2.77534 4.37005
464 419 3.04478 3.07221 -2.78756 4.37074
464 419 3.05641 3.07136 -2.79726 4.37179
464 419 3.06602 3.06958 -2.80888 4.37264
464 419 3.07535 3.06871 -2.81849 4.37442
464 419 3.08477 3.06779 -2.82783 4.37529
464 419 3.09448 3.06787 -2.83724 4.37621
464 419 3.10396 3.06606 -2.84695 4.37613
464 419 3.1156 3.06563 -2.85643 4.37794
464 419 3.12509 3.06453 -2.86807 4.37837
464 419 3.13527 3.0637 -2.87756 4.37947
464 419 3.14464 3.06195 -2.88775 4.3803
464 419 3.15383 3.06104 -2.89712 4.38205
464 419 3.16594 3.05978 -2.9063 4.38296
464 419 3.17688 3.05841 -2.91841 4.38422
464 419 3.18735 3.05792 -2.92936 4.38559
464 419 3.2002 3.05604 -2.93982 4.38608
464 419 3.21082 3.05529 -2.95267 4.38796
464 419 3.2211 3.05416 -2.96329 4.38871
464 419 3.23073 3.05245 -2.97357 4.38984
464 419 3.24235 3.05228 -2.98321 4.39155
464 419 3.25289 3.05068 -2.99482 4.39172
464 419 3.26461 3.04955 -3.00536 4.39332
464 419 3.27473 3.04763 -3.01708 4.39445
464 419 3.28591 3.04674 -3.0272 4.39637
464 419 3.29526 3.0461 -3.03838 4.39726
464 419 3.30554 3.04514 -3.04773 4.3979
464 419 3.31942 3.04364 -3.05801 4.39886
464 419 3.32784 3.04347 -3.07189 4.40036
464 419 3.33836 3.04224 -3.08032 4.40053
464 419 3.35003 3.04201 -3.09083 4.40176
464 419 3.36072 3.04063 -3.1025 4.40199
464 419 3.37009 3.03975 -3.11319 4.40337
464 419 3.38021 3.03919 -3.12256 4.40425
464 419 3.38905 3.03787 -3.13269 4.40481
464 419 3.39926 3.03605 -3.14152 4.40613
464 419 3.40875 3.03561 -3.15174 4.40795
464 419 3.41682 3.03491 -3.16122 4.40839
464 419 3.42601 3.03346 -3.16929 4.40909
464 419 3.43389 3.03356 -3.17848 4.41054
464 419 3.44351 3.03359 -3.18636 4.41044
464 419 3.45068 3.03139 -3.19598 4.41041
464 419 3.45979 3.02957 -3.20316 4.41261
464 419 3.46714 3.02933 -3.21227 4.41443
464 419 3.47605 3.02821 -3.21961 4.41467
464 419 3.48408 3.02773 -3.22853 4.41579
464 419 3.49405 3.0269 -3.23656 4.41627
464 419 3.50033 3.02552 -3.24652 4.4171
464 419 3.5096 3.02534 -3.2528 4.41848
464 419 3.51781 3.02372 -3.26207 4.41866
464 419 3.52729 3.02285 -3.27028 4.42028
464 419 3.53563 3.02289 -3.27977 4.42115
464 419 3.54658 3.02152 -3.2881 4.42111
464 419 3.55571 3.0209 -3.29905 4.42248
464 419 3.5648 3.02082 -3.30819 4.4231
464 419 3.57343 3.02044 -3.31728 4.42318
464 419 3.58331 3.02022 -3.32591 4.42356
464 419 3.59317 3.01989 -3.33579 4.42378
464 419 3.60367 3.0188 -3.34565 4.42411
464 419 3.61243 3.01735 -3.35614 4.4252
464 419 3.6235 3.01626 -3.3649 4.42665
464 419 3.63329 3.01593 -3.37597 4.42774
464 419 3.64229 3.01551 -3.38576 4.42807
464 419 3.65073 3.01439 -3.39477 4.42849
464 419 3.65932 3.01334 -3.40321 4.42961
464 419 3.66981 3.01275 -3.41179 4.43066
464 419 3.67889 3.01202 -3.42228 4.43125
464 419 3.68984 3.01056 -3.43136 4.43198
464 419 3.69981 3.00998 -3.44231 4.43344
464 419 3.70788 3.00925 -3.45228 4.43402
464 419 3.71915 3.00814 -3.46035 4.43475
464 419 3.72755 3.00757 -3.47163 4.43586
464 419 3.7357 3.00691 -3.48002 4.43643
464 419 3.74539 3.0062 -3.48817 4.43709
464 419 3.7544 3.00489 -3.49787 4.4378
464 419 3.76343 3.00402 -3.50688 4.43911
464 419 3.77301 3.00402 -3.51591 4.43998
464 419 3.78145 3.00348 -3.52549 4.43998
464 419 3.7919 3.00228 -3.53392 4.44052
464 419 3.80035 3.00178 -3.54438 4.44172
464 419 3.81057 3.00044 -3.55283 4.44222
464 419 3.8211 2.99917 -3.56305 4.44356
464 419 3.83105 2.9988 -3.57357 4.44483
464 419 3.84168 2.99769 -3.58352 4.4452
464 419 3.85081 2.99648 -3.59415 4.44631
464 419 3.86039 2.99578 -3.60328 4.44752
464 419 3.86845 2.99522 -3.61286 4.44822
464 419 3.87738 2.99416 -3.62093 4.44878
464 419 3.88692 2.99277 -3.62986 4.44984
464 419 3.89383 2.99176 -3.63939 4.45123
464 419 3.90876 2.98905 -3.6463 4.45224
464 419 3.91844 2.98752 -3.66124 4.45495
464 419 3.93732 2.98768 -3.67091 4.45648
464 419 3.95161 2.98955 -3.68979 4.45632
464 419 3.96515 2.99158 -3.70409 4.45445
464 419 3.98373 2.99364 -3.71762 4.45242
464 419 3.98471 2.99341 -3.73621 4.45036
464 419 4.00649 2.99603 -3.73719 4.45059
464 419 4.02181 2.99845 -3.75896 4.44797
464 419 4.03887 3.00099 -3.77429 4.44555
464 419 4.05666 3.00334 -3.79134 4.44301
464 419 4.06902 3.0074 -3.80913 4.44066
464 419 4.08375 3.01103 -3.8215 4.4366
464 419 4.0858 3.01253 -3.83622 4.43297
464 419 4.09344 3.01354 -3.83827 4.43147
464 419 4.10087 3.01326 -3.84591 4.43046
464 419 4.10765 3.01515 -3.85334 4.43074
464 419 4.11535 3.01549 -3.86013 4.42885
464 419 4.124 3.01833 -3.86783 4.42851
464 419 4.13255 3.01899 -3.87647 4.42567
464 419 4.14042 3.02073 -3.88503 4.42501
464 419 4.14795 3.02152 -3.89289 4.42327
464 419 4.15588 3.02256 -3.90043 4.42248
464 419 4.16323 3.02514 -3.90835 4.42144
464 419 4.17213 3.02531 -3.9157 4.41886
464 419 4.18107 3.03246 -3.9246 4.41869
464 419 4.18916 3.07265 -3.93354 4.41154
464 419 4.19662 3.07281 -3.94163 4.37135
464 419 4.20301 3.07351 -3.94909 4.37119
464 419 4.21221 3.07511 -3.95548 4.37049
464 419 4.22077 3.07601 -3.96468 4.36889
464 419 4.22924 3.07755 -3.97324 4.36799
464 419 4.23728 3.07783 -3.98172 4.36645
464 419 4.24781 3.07949 -3.98976 4.36617
464 419 4.25677 3.07957 -4.00028 4.36451
464 419 4.26726 3.08121 -4.00925 4.36443
464 419 4.28804 3.0863 -4.01974 4.36279
464 419 4.29401 3.0886 -4.04052 4.3577
464 419 4.30166 3.08956 -4.04649 4.3554
464 419 4.31172 3.09084 -4.05413 4.35444
464 419 4.32032 3.092 -4.06419 4.35316
464 419 4.33025 3.09361 -4.0728 4.352
464 419 4.33678 3.09555 -4.08273 4.35039
464 419 4.34614 3.09642 -4.08925 4.34845
464 419 4.35265 3.0983 -4.09861 4.34758
464 419 4.36186 3.10008 -4.10513 4.3457
464 419 4.37118 3.10175 -4.11433 4.34392
464 419 4.3811 3.10324 -4.12365 4.34225
464 419 4.38947 3.10417 -4.13358 4.34076
464 419 4.3983 3.10594 -4.14194 4.33983
464 419 4.40707 3.10662 -4.15077 4.33806
464 419 4.41593 3.10815 -4.15954 4.33738
464 419 4.42444 3.10938 -4.1684 4.33585
464 419 4.43286 3.11041 -4.17692 4.33462
464 419 4.43955 3.11175 -4.18534 4.33359
464 419 4.46116 3.11828 -4.19202 4.33225
464 419 4.47611 3.12421 -4.21364 4.32572
464 419 4.49797 3.13017 -4.22858 4.31979
464 419 4.51606 3.13694 -4.25045 4.31383
464 419 4.53501 3.14419 -4.26854 4.30706
464 419 4.55172 3.15141 -4.28748 4.29981
464 419 4.58063 3.1533 -4.3042 4.29259
464 419 4.59277 3.16135 -4.33311 4.2907
464 419 4.60603 3.16958 -4.34524 4.28265
464 419 4.6196 3.17693 -4.35851 4.27442
464 419 4.63407 3.18581 -4.37207 4.26707
464 419 4.64586 3.19515 -4.38655 4.25819
464 419 4.65592 3.2042 -4.39834 4.24885
464 419 4.66666 3.21417 -4.4084 4.2398
464 419 4.66901 3.21498 -4.41914 4.22983
464 419 4.67333 3.21587 -4.42148 4.22902
464 419 4.68079 3.22148 -4.42581 4.22813
464 419 4.68827 3.22525 -4.43327 4.22252
464 419 4.69484 3.22719 -4.44074 4.21875
464 419 4.70334 3.23194 -4.44732 4.21681
464 419 4.71855 3.24172 -4.45582 4.21206
464 419 4.71893 3.24499 -4.47103 4.20228
464 419 4.72574 3.24917 -4.4714 4.19901
464 419 4.73136 3.2527 -4.47822 4.19483
464 419 4.73958 3.25862 -4.48383 4.1913
464 419 4.74552 3.26255 -4.49205 4.18538
464 419 4.75124 3.26808 -4.498 4.18145
464 419 4.76008 3.27213 -4.50371 4.17592
464 419 4.76934 3.27663 -4.51255 4.17187
464 419 4.77607 3.28163 -4.52181 4.16737
464 419 4.78288 3.28845 -4.52854 4.16237
464 419 4.78957 3.29074 -4.53536 4.15555
464 419 4.79749 3.29476 -4.54205 4.15326
464 419 4.80529 3.29921 -4.54996 4.14924
464 419 4.81288 3.30255 -4.55776 4.14479
464 419 4.8197 3.30681 -4.56535 4.14145
464 419 4.82801 3.31107 -4.57217 4.13719
464 419 4.83544 3.31565 -4.58049 4.13293
464 419 4.84332 3.31989 -4.58792 4.12835
464 419 4.8511 3.32442 -4.5958 4.12411
464 419 4.85849 3.32865 -4.60357 4.11958
464 419 4.86596 3.33471 -4.61096 4.11535
464 419 4.87364 3.33825 -4.61843 4.10929
464 419 4.88165 3.343 -4.62611 4.10575
464 419 4.88912 3.3486 -4.63413 4.101
464 419 4.89602 3.35381 -4.6416 4.0954
464 419 4.90446 3.35974 -4.64849 4.09019
464 419 4.91272 3.36344 -4.65693 4.08426
464 419 4.92086 3.37006 -4.66519 4.08056
464 419 4.92736 3.37347 -4.67334 4.07394
464 419 4.93453 3.37915 -4.67983 4.07053
464 419 4.94037 3.38627 -4.687 4.06485
464 419 4.95118 3.39187 -4.69284 4.05773
464 419 4.95573 3.39532 -4.70366 4.05213
464 419 4.95863 3.39647 -4.70821 4.04868
464 419 4.96191 3.39521 -4.71111 4.04753
464 419 4.96507 3.39536 -4.71439 4.04879
464 419 4.96987 3.39429 -4.71754 4.04864
464 419 4.97336 3.39571 -4.72235 4.04971
464 419 4.97578 3.39603 -4.72583 4.04829
464 419 4.97844 3.39694 -4.72825 4.04797
464 419 4.98734 3.39565 -4.73092 4.04706
464 419 4.98771 3.39765 -4.73982 4.04835
464 419 4.98834 3.39709 -4.74018 4.04635
464 419 4.98858 3.39571 -4.74082 4.04691
464 419 4.98885 3.39587 -4.74106 4.04829
464 419 4.99921 3.3938 -4.74132 4.04813
464 419 4.997 3.39595 -4.75168 4.0502
464 419 4.99732 3.39572 -4.74947 4.04805
464 419 4.99932 3.39603 -4.74979 4.04828
464 419 5.00323 3.39584 -4.75179 4.04797
464 419 5.0106 3.39548 -4.75571 4.04816
464 419 5.01563 3.39569 -4.76308 4.04852
464 419 5.02587 3.39408 -4.7681 4.04831
464 419 5.03385 3.39374 -4.77835 4.04992
464 419 5.04259 3.39265 -4.78632 4.05026
464 419 5.05347 3.38437 -4.79506 4.05135
464 419 5.05817 3.38522 -4.80595 4.05963
464 419 5.06431 3.38548 -4.81065 4.05878
464 419 5.06987 3.38541 -4.81678 4.05852
464 419 5.07487 3.38534 -4.82235 4.05859
464 419 5.08011 3.3856 -4.82734 4.05866
464 419 5.09333 3.38514 -4.83259 4.0584
464 419 5.0917 3.38515 -4.8458 4.05886
464 419 5.09277 3.38508 -4.84418 4.05885
464 419 5.09361 3.38486 -4.84525 4.05892
464 419 5.09198 3.3858 -4.84608 4.05914
464 419 5.08941 3.386 -4.84445 4.0582
464 419 5.08881 3.3851 -4.84188 4.058
464 419 5.09197 3.37924 -4.84129 4.0589
464 419 5.09172 3.37961 -4.84444 4.06476
464 419 5.09191 3.37985 -4.84419 4.06439
464 419 5.09196 3.37977 -4.84439 4.06415
464 419 5.09174 3.37942 -4.84443 4.06423
464 419 5.09296 3.37917 -4.84422 4.06458
464 419 5.09312 3.37895 -4.84544 4.06483
