0 0 0 0
371 192 0.000301338 -0.000479234
362 202 0.00234365 -0.000173829
355 213 0.00324507 -0.00267673
352 227 0.00278391 8.55611e-05
327 163 0.00308384 -0.0022396
331 112 0.00365542 -0.00318955
334 72 0.00365564 -0.00295105
318 167 0.00305783 -0.00481222
336 22 0.00172214 -0.00454546
353 31 -0.000874718 -0.00374868
362 76 -0.00150219 -0.00359319
327 50 0.00114389 -0.00460449
564 304 -0.0020168 -0.00307857
640 314 -0.00591669 -0.00120458
640 188 -0.00514117 0.00640427
640 162 -0.00650624 0.00505404
603 146 -0.00269877 0.00857694
640 179 -0.000777967 0.0207811
640 179 0.00181651 0.0487601
640 150 0.00352544 0.0757482
640 168 0.00574883 0.10734
640 168 0.00678988 0.13858
640 168 0.00704683 0.165297
640 164 0.00919443 0.188155
640 146 0.012191 0.209152
640 144 0.011326 0.2157
640 130 0.0103406 0.215079
640 134 0.0111217 0.216954
640 122 0.0116714 0.227401
640 116 0.0160132 0.241515
640 111 0.0198028 0.25257
544 101 0.0169687 0.254676
246 151 0.0174615 0.256381
351 162 0.0190524 0.256855
623 156 0.0202294 0.26725
640 139 0.0272867 0.285285
640 139 -0.013009 0.388608
640 86 -0.0826827 0.46607
616 106 -0.142824 0.544068
570 106 -0.40156 0.606004
569 107 -0.541929 0.731681
595 110 -0.995252 0.476172
412 121 -1.20332 0.170965
303 150 -1.69417 0.0640259
380 138 -1.68314 0.0766043
636 63 -1.67415 0.0907724
640 48 -1.66392 0.103197
581 112 -1.6423 0.117872
640 93 -1.63559 0.124335
604 159 -1.62555 0.128487
603 158 -1.5996 0.143336
599 146 -1.57127 0.161264
472 151 -1.5408 0.181113
519 150 -1.51741 0.196699
305 137 -1.49634 0.212409
274 130 -1.46696 0.221212
362 74 -1.43794 0.23815
296 141 -1.41255 0.249628
298 139 -1.38745 0.258974
315 133 -1.365 0.269565
302 147 -1.33745 0.282134
307 142 -1.31017 0.298202
312 141 -1.28071 0.313154
314 145 -1.24633 0.327366
306 142 -1.21316 0.343575
293 140 -1.17427 0.359277
354 145 -1.14043 0.378352
289 147 -1.10316 0.396187
292 140 -1.06494 0.413293
610 144 -1.03123 0.43048
640 146 -0.984577 0.448631
618 128 -0.938924 0.460907
629 134 -0.894706 0.474495
550 143 -0.848435 0.485672
278 127 -0.794563 0.498803
105 148 -0.749277 0.505506
0 168 -0.715099 0.510903
64 181 -0.68659 0.516109
0 121 -0.66414 0.518722
0 127 -0.64504 0.525677
67 188 -0.626122 0.528651
0 141 -0.60118 0.533932
0 143 -0.579245 0.537272
0 122 -0.55225 0.544312
0 123 -0.522816 0.55159
0 123 -0.485081 0.567467
0 123 -0.440254 0.588663
0 123 -0.634357 0.668491
0 290 -0.596209 0.689431
268 156 -0.567437 0.710611
192 149 -0.53976 0.733288
192 149 -0.515735 0.750743
192 149 -0.497068 0.768033
122 144 -0.478165 0.786122
122 144 -0.461981 0.804565
0 149 -0.442132 0.828612
0 131 -0.419322 0.852199
0 116 -0.399722 0.875855
50 164 -0.374489 0.901813
264 150 -0.353228 0.932342
138 176 -0.330792 0.959904
29 207 -0.314119 0.97855
205 180 -0.296841 1.01014
159 185 -0.277657 1.04027
168 180 -0.262189 1.06916
182 179 -0.245625 1.09621
211 181 -0.235991 1.12176
258 169 -0.227003 1.15109
307 147 -0.216281 1.18076
307 149 -0.204763 1.21222
298 154 -0.192476 1.24486
294 164 -0.181562 1.27322
299 170 -0.173007 1.29982
293 171 -0.16763 1.32889
282 179 -0.159624 1.36065
280 186 -0.15257 1.39865
291 188 -0.146587 1.43231
399 141 -0.141322 1.46695
526 148 -0.136079 1.5022
640 177 -0.12918 1.53376
602 163 -0.118904 1.56519
454 157 -0.118019 1.58988
396 186 -0.116717 1.61363
621 179 -0.114978 1.65075
640 164 -0.109162 1.68854
640 164 -0.102959 1.7304
387 177 -0.0962327 1.76732
393 141 -0.0906449 1.80656
556 126 -0.0848947 1.83904
321 157 -0.074892 1.87199
332 152 -0.0620375 1.91589
347 147 -0.0503799 1.95408
326 176 -0.0318676 1.99143
317 186 -0.0185342 2.02526
315 152 -0.00348472 2.06127
313 155 0.0116545 2.09682
219 57 0.0255217 2.13306
197 124 0.0395866 2.16412
197 116 0.0418124 2.16926
200 101 0.0425514 2.17861
209 183 0.0566363 2.21325
195 170 0.0696473 2.24957
183 160 0.0856351 2.28479
226 210 0.103046 2.32297
0 201 0.122655 2.36827
92 175 0.138512 2.40817
129 166 0.147231 2.44271
331 166 0.161602 2.50514
310 171 0.175462 2.54548
293 168 0.187193 2.59835
317 160 0.190855 2.62681
640 129 0.193678 2.66274
640 62 0.197873 2.69758
551 127 0.202889 2.72042
466 109 0.206914 2.7555
427 144 0.210648 2.78256
418 150 0.212339 2.8148
418 150 0.215216 2.87021
418 150 0.21691 2.90473
418 150 0.217925 2.93671
418 150 0.217554 2.97741
431 148 0.219232 3.01586
409 156 0.220916 3.05327
409 155 0.220366 3.09132
409 155 0.221013 3.13725
409 155 0.219691 3.18078
619 113 0.217191 3.23384
625 134 0.215872 3.28558
625 134 0.21638 3.34851
625 134 0.21614 3.38481
640 100 0.218263 3.41777
640 97 0.223681 3.45899
282 107 0.234233 3.50676
399 95 0.284399 3.54336
587 112 0.286928 3.57563
640 104 0.291488 3.60585
544 102 0.291488 3.60585
170 174 0.271557 3.6618
59 163 0.0858194 3.77727
55 164 0.100949 3.80154
0 150 0.112802 3.8207
0 130 0.126442 3.84662
0 108 0.137365 3.8689
191 52 0.152842 3.9104
395 6 0.172609 3.95378
384 0 0.179251 3.96912
384 0 0.181072 3.96601
317 0 0.182034 3.96474
317 0 0.18197 3.96322
317 0 0.181711 3.96299
317 0 0.182036 3.96273
317 0 0.18071 3.96214
291 0 0.180818 3.9632
297 126 0.183076 3.96297
297 190 0.182743 3.9631
291 177 0.186934 3.96333
287 143 0.197662 3.98999
286 147 0.204238 4.01656
284 148 0.210729 4.04257
284 145 0.214309 4.07286
285 140 0.221434 4.1007
280 137 0.227064 4.12594
271 135 0.231424 4.15641
331 111 0.234051 4.18312
315 111 0.237422 4.21384
239 103 0.239544 4.24517
356 77 0.241061 4.27467
325 10 0.240879 4.30896
319 11 0.239089 4.33849
323 8 0.238559 4.34573
325 4 0.237359 4.3432
502 0 0.237855 4.34366
502 0 0.23677 4.34363
502 0 0.238142 4.34405
502 0 0.237132 4.34346
502 0 0.237626 4.34283
502 0 0.237172 4.34332
502 0 0.238438 4.34412
585 0 0.237562 4.34408
635 0 0.237551 4.34414
635 0 0.237235 4.34491
635 0 0.237535 4.34501
640 0 0.237143 4.34538
635 164 0.23666 4.34451
537 226 0.236536 4.34413
630 146 0.239466 4.35116
640 138 0.24043 4.36885
640 137 0.243825 4.39412
640 126 0.247848 4.42018
640 114 0.256026 4.44958
640 111 0.265023 4.48212
542 95 0.278675 4.51787
542 95 0.29441 4.55504
534 94 0.311818 4.59223
73 134 0.329774 4.62324
49 141 0.349357 4.64579
247 92 0.360007 4.6651
247 92 0.36384 4.6825
247 92 0.3723 4.70232
201 60 0.385663 4.7233
71 108 0.396552 4.74699
35 120 0.412328 4.76105
0 132 0.41937 4.78107
176 97 0.426776 4.80841
377 11 0.432276 4.84946
296 0 0.44313 4.87462
285 4 0.443334 4.87691
337 0 0.443472 4.87651
337 0 0.443509 4.87554
337 0 0.444869 4.87493
337 0 0.445681 4.87485
337 0 0.445813 4.87401
337 0 0.445639 4.8738
337 0 0.445977 4.87282
337 0 0.446311 4.8715
337 0 0.44622 4.87227
337 0 0.445578 4.87246
337 0 0.444296 4.87011
337 0 0.444327 4.87176
337 0 0.445718 4.87207
337 0 0.445427 4.86897
337 0 0.444458 4.86671
337 0 0.443654 4.86638
337 0 0.445026 4.86737
388 46 0.443332 4.86587
