0 0 0 0
361 0 0.00496546 -7.90216e-05
640 420 0.00466697 0.000755241
540 392 0.0035739 0.00123596
331 343 0.0075137 0.0184414
328 280 0.00722653 0.0111803
329 256 0.00557707 0.00973652
325 378 0.00678881 0.0175289
326 360 0.00862753 0.0403162
321 321 0.00869313 0.0407172
284 194 0.00596296 0.0387834
283 180 0.00677087 0.0238992
308 75 0.00552459 0.0260383
326 0 0.00735732 0.0515003
344 0 0.00820016 0.077051
335 0 0.00916882 0.0798696
337 0 0.00976469 0.0785601
336 0 0.00978256 0.0787594
326 0 0.00794508 0.0782131
327 0 0.00486718 0.0804514
340 68 0.00658866 0.0819862
344 64 0.00621284 0.0826432
346 67 0.00648908 0.0881008
333 161 0.00799334 0.121263
341 34 0.00732621 0.161848
346 38 0.00764443 0.201083
347 72 0.00862356 0.21035
349 46 0.00800797 0.206193
349 38 0.00908715 0.206535
358 111 0.00719728 0.209342
348 0 0.00834485 0.209092
351 0 0.00842705 0.216541
356 131 0.00986553 0.218169
361 12 0.00740448 0.218165
359 22 0.00798195 0.230047
360 38 0.00885739 0.228709
366 38 0.00576827 0.233136
367 36 0.0064834 0.233381
366 42 0.00369188 0.233865
391 100 0.00592925 0.234427
383 84 0.00651637 0.234076
384 198 0.00691295 0.247662
381 208 0.00816857 0.286528
382 117 0.00702547 0.322866
383 124 0.00882383 0.353127
362 93 0.00856208 0.387935
354 60 0.00982761 0.418771
393 108 0.00789452 0.447376
332 0 0.00660537 0.475358
347 55 0.00526524 0.500433
340 0 0.00684997 0.499767
344 0 0.0059187 0.500484
437 26 0.00512217 0.499162
640 246 0.00535743 0.498871
640 280 0.00688654 0.498681
640 280 0.00767426 0.501808
640 284 0.00738511 0.505699
640 297 0.00938147 0.516365
640 309 0.0105986 0.531213
640 304 0.0111839 0.53663
640 288 0.0106984 0.543638
640 277 0.0125152 0.554755
640 270 0.0205033 0.576116
640 263 0.0265587 0.600096
640 264 -0.0483606 0.750449
640 262 -0.0332891 0.772564
426 229 -0.014887 0.793462
378 154 0.00308024 0.815474
334 148 0.012581 0.840422
387 254 0.0191636 0.854959
412 166 0.0260852 0.870669
549 286 0.0397896 0.894006
576 287 0.0568569 0.916086
587 285 0.0776066 0.926884
590 282 0.0987065 0.962948
598 292 0.125273 0.998042
432 102 0.150555 1.0293
312 0 0.16855 1.0556
310 0 0.182102 1.07365
313 0 0.185702 1.07883
337 14 0.188756 1.0739
147 0 0.189904 1.07498
301 228 0.19625 1.07485
366 187 0.193666 1.07291
343 225 0.193738 1.07388
312 272 0.202316 1.08857
369 207 0.21604 1.10533
334 280 0.231127 1.12169
333 262 0.244319 1.13983
331 248 0.254042 1.15769
330 243 0.270015 1.17733
331 242 0.290545 1.19668
320 44 0.307967 1.21607
237 0 0.326996 1.23588
324 198 0.329297 1.23889
340 30 0.328229 1.2372
338 39 0.32916 1.24148
337 260 0.329496 1.23844
338 176 0.32981 1.23957
347 125 0.333274 1.24734
342 252 0.358448 1.2679
341 218 0.373722 1.2874
341 192 0.400835 1.3114
340 160 0.423564 1.33159
342 155 0.448679 1.35146
342 160 0.470618 1.37351
274 68 0.497624 1.39357
302 198 0.525244 1.41564
336 141 0.55149 1.43538
335 144 0.57759 1.45668
105 35 0.603441 1.47749
228 226 0.626513 1.49763
300 94 0.637925 1.50542
299 76 0.637325 1.50683
194 109 0.656015 1.52286
212 126 0.680495 1.54143
322 112 0.705656 1.5604
138 208 0.734113 1.5831
192 169 1.81857 1.91302
102 244 1.83673 1.94083
96 244 1.86354 1.96554
86 248 1.88393 1.99441
85 276 1.9054 2.02469
81 302 1.93173 2.05995
0 272 1.95326 2.09409
138 287 1.97646 2.13164
286 224 1.99907 2.17154
217 224 2.01691 2.20733
231 222 2.03217 2.2321
277 237 2.03941 2.25299
202 229 2.04813 2.27445
247 174 2.05751 2.29753
271 210 2.065 2.32209
208 202 2.07213 2.34735
228 198 2.07715 2.37209
283 218 2.08423 2.39783
286 219 2.09479 2.42755
280 210 2.09857 2.45573
240 209 2.10541 2.48713
268 231 2.11155 2.5256
262 216 2.11634 2.55427
270 39 2.11991 2.59062
262 133 2.12339 2.62564
263 106 2.12437 2.63399
271 70 2.12393 2.63942
284 186 2.123 2.67199
291 90 1.88657 2.01747
291 90 1.90229 2.65663
238 134 1.90047 2.68335
306 108 1.9028 2.71831
300 99 1.90861 2.75232
532 232 1.91075 2.78678
546 250 1.91193 2.81993
542 236 1.91774 2.8544
588 267 1.91924 2.88163
581 280 1.92865 2.91545
314 220 1.94388 2.95458
294 222 1.95959 2.99868
289 215 1.96667 3.0377
226 239 1.98062 3.07437
50 288 1.98919 3.11325
40 290 1.99991 3.15389
29 281 2.00559 3.18059
33 298 2.00923 3.20721
51 322 2.01472 3.23705
42 317 2.02047 3.27677
233 267 2.02078 3.28683
240 262 2.01846 3.2774
218 242 2.0187 3.27935
239 321 2.02398 3.31356
239 320 2.02997 3.34533
220 319 2.02825 3.35271
226 334 2.02404 3.34127
237 348 2.02153 3.33045
229 352 2.02168 3.32133
217 352 2.01713 3.30739
278 195 2.01826 3.29366
273 194 2.01911 3.2821
329 26 2.01863 3.28606
328 36 2.02638 3.31831
297 82 2.03077 3.32625
333 39 2.03045 3.32591
324 172 2.0307 3.33554
314 171 2.02979 3.33969
344 80 2.03016 3.34132
333 126 2.03392 3.37543
291 214 2.03894 3.40746
302 204 2.04168 3.44301
316 198 2.04644 3.47844
257 234 2.05194 3.51238
260 231 2.05709 3.55
308 265 2.06268 3.5887
282 278 2.06589 3.63074
261 303 2.06968 3.67026
287 246 2.07393 3.72008
282 218 2.07602 3.7807
287 206 2.07997 3.81576
292 214 2.08191 3.86981
284 267 2.08104 3.91912
287 274 2.08141 3.97199
292 287 2.07913 4.02017
288 313 2.07736 4.06887
288 333 2.07388 4.10961
325 209 2.0733 4.11213
312 151 2.07353 4.09169
333 214 2.07492 4.09819
334 210 2.07069 4.13777
315 192 2.06657 4.18707
340 228 2.05894 4.23672
583 310 2.04953 4.2964
587 294 2.04112 4.34777
609 304 2.03779 4.3586
629 346 2.04002 4.36632
623 356 2.03706 4.4184
638 354 2.0293 4.42297
560 157 2.0329 4.4036
627 312 2.03383 4.39258
583 266 2.03268 4.41205
552 223 2.03044 4.4125
620 283 2.02963 4.42752
620 283 2.03532 4.47925
620 283 1.72693 4.54631
307 226 1.52362 4.61075
304 227 1.39543 4.66081
303 217 1.40587 4.68858
304 239 1.41555 4.71147
303 272 1.42465 4.7331
306 300 1.43915 4.75627
306 299 1.45311 4.78747
98 302 1.46552 4.82137
86 311 1.48004 4.85577
77 299 1.48859 4.89428
192 239 1.49176 4.90049
242 228 1.49688 4.91401
253 254 1.50758 4.94767
254 261 1.5193 4.98084
258 262 1.52847 5.01726
265 266 1.53872 5.04893
270 273 1.55005 5.08157
264 280 1.55822 5.11476
264 286 1.56864 5.14949
275 265 1.57889 5.1833
285 220 1.58581 5.21646
294 196 1.59174 5.24862
306 188 1.59686 5.28179
311 184 1.60144 5.3111
309 244 1.60577 5.34289
306 242 1.61078 5.37465
307 243 1.61727 5.40649
309 242 1.62042 5.44001
309 257 1.62713 5.47106
308 272 1.63129 5.50761
134 194 1.63599 5.539
347 270 1.63758 5.57043
319 308 1.64108 5.61294
320 311 1.64105 5.64434
332 311 1.64512 5.67372
295 270 1.64738 5.68565
295 270 1.64726 5.67098
319 326 1.64505 5.66753
313 328 1.64381 5.6833
311 326 1.6405 5.69487
311 326 1.64182 5.68639
311 326 1.64222 5.67225
311 326 1.64351 5.66076
311 326 1.6406 5.65388
311 326 1.6421 5.64424
311 326 1.63991 5.63879
311 326 1.64375 5.62901
311 326 1.64585 5.61842
309 326 1.64323 5.60688
310 179 1.64468 5.59603
309 177 1.64603 5.58554
312 149 1.64876 5.58901
309 100 1.6512 5.61394
308 114 1.6503 5.64488
308 114 1.65234 5.67873
308 114 1.65312 5.70999
308 114 1.65157 5.73563
308 114 1.65071 5.77735
308 114 1.64962 5.81358
308 114 1.64641 5.85639
308 114 1.64261 5.89244
308 114 1.63982 5.92801
308 114 1.63676 5.96292
308 118 1.63292 5.99958
310 142 1.63153 6.02604
312 147 1.62648 6.05848
311 132 1.62234 6.08963
326 188 1.61962 6.1142
326 185 1.61371 6.14423
328 190 1.60913 6.17399
328 191 1.60317 6.20966
328 191 1.59919 6.23872
334 125 1.59525 6.27804
331 53 1.59119 6.31284
313 46 1.58867 6.34463
317 102 1.58471 6.35875
326 84 1.58502 6.35618
327 104 1.58146 6.3575
326 134 1.5813 6.37978
326 152 1.58111 6.40576
327 154 1.57535 6.42849
319 160 1.5695 6.36292
319 160 1.5695 6.36292
