0 0 0 0 0 0
0 0 0 0 0 0
0 0 0 0 0 0
0 0 0 0 0 0
0 0 0 0 0 0
0 0 0 0 0 0
0 0 0 0 0 0
0 0 0 0 0 0
0 0 0 0 0 0
0 0 0 0 0 0
0 0 0 0 0 0
0 0 0 0 0 0
0 0 0 0 0 0
0 0 0 0 0 0
0 0 0 0 0 0
0 0 0 0 0 0
0 0 0 0 0 0
0 0 0 0 0 0
0 0 0 0 0 0
0 0 0 0 0 0
0 0 0 0 0 0
0 0 0 0 0 0
0 0 0 0 0 0
0 0 0 0 0 0
0 0 0 0 0 0
0 0 0 0 0 0
0 0 0 0 0 0
0 0 0 0 0 0
0 0 0 0 0 0
0 0 0 0 0 0
0 0 0 0 0 0
0 0 0 0 0 0
0 0 0 0 0 0
0 0 0 0 0 0
0 0 0 0 0 0
0 0 0 0 0 0
0 0 0 0 0 0
0 0 0 0 0 0
0 0 0 0 0 0
0 0 0 0 0 0
0 0 0 0 0 0
0 0 0 0 0 0
0 0 0 0 0 0
0 0 0 0 0 0
0 0 0 0 0 0
0 0 0 0 0 0
0 0 0 0 0 0
0 0 0 0 0 0
0 0 0 0 0 0
0 0 0 0 0 0
0 0 0 0 0 0
0 0 0 0 0 0
0 0 0 0 0 0
0 0 0 0 0 0
0 0 0 0 0 0
0 0 0 0 0 0
0 0 0 0 0 0
0 0 0 0 0 0
0 0 0 0 0 0
0 0 0 0 0 0
0 0 0 0 0 0
0 0 0 0 0 0
0 0 0 0 0 0
0 0 0 0 0 0
0 0 0 0 0 0
0 0 0 0 0 0
0 0 0 0 0 0
0 0 0 0 0 0
0 0 0 0 0 0
0 0 0 0 0 0
0 0 0 0 0 0
0 0 0 0 0 0
0 0 0 0 0 0
0 0 0 0 0 0
0 0 0 0 0 0
0 0 0 0 0 0
0 0 0 0 0 0
0 0 0 0 0 0
0 0 0 0 0 0
0 0 0 0 0 0
0 0 0 0 0 0
0 0 0 0 0 0
0 0 0 0 0 0
0 0 0 0 0 0
0 0 0 0 0 0
0 0 0 0 0 0
0 0 0 0 0 0
0 0 0 0 0 0
0 0 0 0 0 0
0 0 0 0 0 0
0 0 0 0 0 0
0 0 0 0 0 0
0 0 0 0 0 0
0 0 0 0 0 0
0 0 0 0 0 0
0 0 0 0 0 0
0 0 0 0 0 0
0 0 0 0 0 0
0 0 0 0 0 0
0 0 0 0 0 0
0 0 0 0 0 0
0 0 0 0 0 0
0 0 0 0 0 0
0 0 0 0 0 0
0 0 0 0 0 0
0 0 0 0 0 0
0 0 0 0 0 0
0 0 0 0 0 0
0 0 0 0 0 0
0 0 0 0 0 0
0 0 0 0 0 0
0 0 0 0 0 0
0 0 0 0 0 0
0 0 0 0 0 0
0 0 0 0 0 0
0 0 0 0 0 0
0 0 0 0 0 0
0 0 0 0 0 0
0 0 0 0 0 0
0 0 0 0 0 0
0 0 0 0 0 0
0 0 0 0 0 0
0 0 0 0 0 0
0 0 0 0 0 0
0 0 0 0 0 0
360 188 0 0 0 0
377 136 0 0 0 0
554 30 0 0 0 0
575 18 0 0 0 0
574 18 0 0 0 0
572 17 0 0 0 0
624 0 0 0 0 0
640 0 0 0 0 0
640 0 0 0 0 0
640 0 0 0 0 0
640 0 0 0 0 0
575 60 0 0 0 0
384 239 0 0 0 0
389 244 0 0 0 0
397 247 0 0 0 0
401 245 0 0 0 0
402 242 0 0 0 0
402 241 0 0 0 0
403 240 0 0 0 0
403 238 0 0 0 0
403 236 0 0 0 0
403 235 0 0 0 0
402 236 0 0 0 0
400 238 0 0 0 0
399 239 0 0 0 0
399 244 0 0 0 0
400 256 0 0 0 0
400 268 0 0 0 0
400 273 0 0 0 0
401 275 0 0 0 0
402 276 0 0 0 0
402 276 0 0 0 0
402 274 0 0 0 0
402 271 0 0 0 0
403 267 0 0 0 0
403 266 0 0 0 0
403 266 0 0 0 0
403 266 0 0 0 0
403 266 0 0 0 0
403 265 0 0 0 0
403 265 0 0 0 0
403 264 0 0 0 0
403 264 0 0 0 0
403 264 0 0 0 0
402 272 0 0 0 0
402 282 0 0 0 0
402 290 0 0 0 0
402 298 0 0 0 0
402 304 0 0 0 0
402 307 0 0 0 0
402 308 0 0 0 0
402 307 0 0 0 0
402 308 0 0 0 0
400 312 0 0 0 0
398 316 0 0 0 0
396 318 0 0 0 0
395 320 0 0 0 0
394 320 0 0 0 0
393 321 0 0 0 0
393 320 0 0 0 0
394 317 0 0 0 0
396 314 0 0 0 0
399 312 0 0 0 0
401 310 0 0 0 0
399 308 0 0 0 0
397 306 0 0 0 0
394 306 0 0 0 0
394 306 0 0 0 0
393 307 0 0 0 0
391 307 0 0 0 0
391 306 0 0 0 0
391 304 0 0 0 0
392 303 0 0 0 0
392 302 0 0 0 0
394 300 0 0 0 0
396 298 0 0 0 0
395 298 0 0 0 0
392 298 0 0 0 0
389 298 0 0 0 0
387 298 0 0 0 0
386 296 0 0 0 0
386 295 0 0 0 0
387 294 0 0 0 0
390 293 0 0 0 0
392 292 0 0 0 0
393 291 0 0 0 0
389 292 0 0 0 0
386 293 0 0 0 0
414 291 0 0 0 0
455 285 0 0 0 0
455 285 0 0 0 0
455 285 0 0 0 0
454 284 0 0 0 0
439 287 0 0 0 0
378 297 0 0 0 0
386 297 0 0 0 0
392 297 0 0 0 0
399 296 0 0 0 0
407 295 0 0 0 0
416 294 0 0 0 0
423 294 0 0 0 0
433 295 0 0 0 0
431 296 0 0 0 0
425 295 0 0 0 0
419 294 0 0 0 0
414 293 0 0 0 0
410 292 0 0 0 0
406 292 0 0 0 0
404 292 0 0 0 0
402 294 0 0 0 0
400 294 0 0 0 0
398 295 0 0 0 0
395 296 0 0 0 0
393 296 0 0 0 0
392 296 0 0 0 0
391 296 0 0 0 0
392 296 0 0 0 0
392 296 0 0 0 0
399 315 0 0 0 0
403 300 0 0 0 0
401 304 0 0 0 0
394 307 0 0 0 0
391 308 0 0 0 0
391 307 0 0 0 0
392 306 0 0 0 0
391 305 0 0 0 0
390 304 0 0 0 0
389 304 0 0 0 0
389 305 0 0 0 0
391 307 0 0 0 0
399 308 0 0 0 0
404 308 0 0 0 0
406 307 0 0 0 0
407 305 0 0 0 0
407 303 0 0 0 0
405 302 0 0 0 0
401 303 0 0 0 0
399 304 0 0 0 0
400 304 0 0 0 0
400 304 0 0 0 0
400 304 0 0 0 0
400 304 0 0 0 0
400 304 0 0 0 0
400 304 0 0 0 0
400 304 0 0 0 0
400 304 0 0 0 0
400 304 0 0 0 0
400 304 0 0 0 0
400 304 0 0 0 0
400 304 0 0 0 0
400 304 0 0 0 0
400 304 0 0 0 0
400 304 0 0 0 0
400 304 0 0 0 0
400 304 0 0 0 0
400 304 0 0 0 0
400 304 0 0 0 0
400 304 0 0 0 0
400 304 0 0 0 0
400 304 0.000107537 0.000582026 0.762757 5.448
400 304 -0.000586086 0.00104722 0.762649 5.44742
400 304 0.00232149 0.00977554 0.763343 5.44695
400 304 0.00461998 0.012623 0.760435 5.43822
400 304 0.00793516 0.0210632 0.758137 5.43538
400 304 0.0092208 0.0257022 0.754822 5.42694
400 304 0.0111069 0.0317123 0.753536 5.4223
400 304 0.0104326 0.0378926 0.75165 5.41629
400 304 0.0143711 0.0457618 0.752324 5.41011
400 304 0.0171454 0.0557052 0.748386 5.40224
400 304 0.0234427 0.0560231 0.745611 5.39229
400 304 0.0276622 0.0601272 0.739314 5.39198
400 304 0.0315375 0.0643376 0.735095 5.38787
400 304 0.0366029 0.0713927 0.731219 5.38366
400 304 0.0407913 0.0753845 0.726154 5.37661
400 304 0.0477398 0.0781538 0.721965 5.37262
400 304 0.0537196 0.0855143 0.715017 5.36985
400 304 0.0600427 0.0862505 0.709037 5.36249
400 304 0.0659393 0.0945729 0.702714 5.36175
400 304 0.0717432 0.0987124 0.696817 5.35343
400 304 0.078843 0.104539 0.691013 5.34929
400 304 0.0783285 0.103545 0.683914 5.34346
400 304 0.0790262 0.103497 0.684428 5.34446
400 304 0.08198 0.104859 0.68373 5.3445
400 304 0.0837695 0.106465 0.680777 5.34314
400 304 0.0830811 0.110707 0.678987 5.34154
400 304 0.0859741 0.111111 0.679676 5.33729
400 304 0.0871201 0.114332 0.676783 5.33689
400 304 0.090969 0.116091 0.675637 5.33367
400 304 0.0947078 0.122959 0.671788 5.33191
400 304 0.0924116 0.124444 0.668049 5.32504
400 304 0.0986654 0.130855 0.670345 5.32356
400 304 0.103044 0.130178 0.664091 5.31714
400 304 0.108101 0.129978 0.659713 5.31782
400 304 0.11407 0.135018 0.654655 5.31802
400 304 0.119316 0.138166 0.648686 5.31298
400 304 0.117519 0.146242 0.643441 5.30983
400 304 0.119506 0.150182 0.645238 5.30176
400 304 0.123245 0.156529 0.643251 5.29782
400 304 0.121879 0.157729 0.639511 5.29147
400 304 0.125685 0.162426 0.640877 5.29027
400 304 0.12885 0.171106 0.637071 5.28557
400 304 0.134134 0.178022 0.633907 5.27689
400 304 0.136864 0.184154 0.628622 5.26998
400 304 0.137631 0.186818 0.625892 5.26385
400 304 0.140724 0.191245 0.625126 5.26118
400 304 0.146849 0.194147 0.622033 5.25675
400 304 0.143407 0.209098 0.615908 5.25385
400 304 0.146803 0.211634 0.61935 5.2389
400 304 0.151664 0.216717 0.615954 5.23637
400 304 0.153289 0.222752 0.611093 5.23128
400 304 0.154815 0.231086 0.609468 5.22525
400 304 0.155225 0.239891 0.607942 5.21691
400 304 0.160516 0.24029 0.607532 5.20811
400 304 0.165527 0.241156 0.60224 5.20771
400 304 0.167714 0.246921 0.59723 5.20684
400 304 0.171417 0.251838 0.595043 5.20108
400 304 0.17104 0.260087 0.591339 5.19616
400 304 0.170129 0.269155 0.591717 5.18791
400 304 0.170813 0.273634 0.592628 5.17884
400 304 0.171157 0.280651 0.591943 5.17437
400 304 0.169996 0.286614 0.5916 5.16735
400 304 0.173486 0.289511 0.592761 5.16139
400 304 0.176506 0.297833 0.589271 5.15849
400 304 0.182522 0.301429 0.586251 5.15017
400 304 0.182797 0.300935 0.580235 5.14657
400 304 0.183121 0.305621 0.57996 5.14706
400 304 0.188094 0.310744 0.579635 5.14238
400 304 0.189623 0.313222 0.574663 5.13726
400 304 0.188958 0.316654 0.573133 5.13478
400 304 0.188626 0.324877 0.573798 5.13135
400 304 0.193872 0.329815 0.57413 5.12312
400 304 0.194714 0.331612 0.568885 5.11818
400 304 0.194015 0.338573 0.568043 5.11639
400 304 0.199394 0.346927 0.568741 5.10943
400 304 0.202321 0.354334 0.563363 5.10107
400 304 0.204796 0.355577 0.560436 5.09367
400 304 0.209774 0.361343 0.557961 5.09242
400 304 0.213208 0.36222 0.552983 5.08666
400 304 0.215659 0.362662 0.549549 5.08578
400 304 0.216363 0.364613 0.547097 5.08534
400 304 0.221475 0.367839 0.546393 5.08339
400 304 0.222386 0.369828 0.541282 5.08016
400 304 0.226864 0.372665 0.54037 5.07817
400 304 0.230983 0.373362 0.535893 5.07533
400 304 0.23327 0.379615 0.531773 5.07464
400 304 0.233352 0.38159 0.529487 5.06838
400 304 0.235971 0.386514 0.529405 5.06641
400 304 0.236866 0.386 0.526786 5.06149
400 304 0.237176 0.387566 0.525891 5.062
400 304 0.241576 0.39003 0.525581 5.06043
400 304 0.242082 0.393238 0.521181 5.05797
400 304 0.242107 0.402761 0.520675 5.05476
400 304 0.243823 0.408974 0.52065 5.04524
400 304 0.245803 0.415208 0.518933 5.03903
400 304 0.250315 0.418506 0.516954 5.03279
400 304 0.251377 0.424745 0.512441 5.02949
400 304 0.25595 0.426222 0.51138 5.02325
400 304 0.257416 0.432244 0.506806 5.02178
400 304 0.25942 0.438239 0.505341 5.01576
400 304 0.261448 0.439304 0.503337 5.00976
400 304 0.259903 0.440845 0.501308 5.0087
400 304 0.265176 0.4489 0.502853 5.00715
400 304 0.268695 0.454046 0.497581 4.9991
400 304 0.273637 0.457844 0.494062 4.99395
400 304 0.279195 0.459287 0.48912 4.99016
400 304 0.277831 0.46214 0.483562 4.98871
400 304 0.281886 0.463719 0.484926 4.98586
400 304 0.284657 0.468445 0.48087 4.98428
400 304 0.290372 0.471951 0.4781 4.97956
400 304 0.291282 0.477513 0.472384 4.97605
400 304 0.292849 0.479622 0.471475 4.97049
400 304 0.291131 0.483922 0.469908 4.96838
400 304 0.295919 0.488421 0.471626 4.96408
400 304 0.298286 0.49292 0.466838 4.95958
400 304 0.302478 0.496265 0.464471 4.95508
400 304 0.306685 0.499316 0.460279 4.95173
400 304 0.311121 0.502303 0.456072 4.94868
400 304 0.31321 0.508711 0.451636 4.9457
400 304 0.315948 0.513834 0.449547 4.93929
400 304 0.315965 0.518677 0.446808 4.93417
400 304 0.314093 0.522355 0.446792 4.92932
400 304 0.314458 0.523 0.448663 4.92565
400 304 0.315023 0.523941 0.448299 4.925
400 304 0.320131 0.528891 0.447734 4.92406
400 304 0.323604 0.530014 0.442626 4.91911
400 304 0.329496 0.533248 0.439153 4.91799
400 304 0.328488 0.541909 0.433261 4.91475
400 304 0.330923 0.542357 0.434269 4.90609
400 304 0.332038 0.547847 0.431833 4.90564
400 304 0.330438 0.553281 0.430719 4.90015
400 304 0.337047 0.556684 0.432318 4.89472
400 304 0.341056 0.558739 0.42571 4.89132
400 304 0.340305 0.559184 0.4217 4.88926
400 304 0.345128 0.563963 0.422451 4.88882
400 304 0.348927 0.566796 0.417629 4.88404
400 304 0.351939 0.566518 0.41383 4.8812
400 304 0.352357 0.566973 0.410818 4.88148
400 304 0.350794 0.571133 0.4104 4.88103
400 304 0.354567 0.574236 0.411963 4.87687
400 304 0.361594 0.578952 0.40819 4.87376
400 304 0.359443 0.583347 0.401163 4.86905
400 304 0.362319 0.584392 0.403314 4.86465
400 304 0.363457 0.589957 0.400437 4.86361
400 304 0.367386 0.593717 0.3993 4.85804
400 304 0.36733 0.601224 0.395371 4.85428
400 304 0.373041 0.605198 0.395427 4.84678
400 304 0.374487 0.606975 0.389716 4.8428
400 304 0.376761 0.613354 0.38827 4.84103
400 304 0.376367 0.617197 0.385996 4.83465
400 304 0.375246 0.622644 0.38639 4.8308
400 304 0.378142 0.625027 0.38751 4.82536
400 304 0.375307 0.628602 0.384615 4.82297
400 304 0.376838 0.634541 0.387449 4.8194
400 304 0.387882 0.642698 0.385919 4.81346
400 304 0.386148 0.647325 0.374874 4.8053
400 304 0.388495 0.649506 0.376609 4.80068
400 304 0.394847 0.655717 0.374261 4.79849
400 304 0.392971 0.661155 0.36791 4.79228
400 304 0.392406 0.667364 0.369786 4.78684
400 304 0.393516 0.66938 0.370351 4.78064
400 304 0.39324 0.675692 0.369241 4.77862
400 304 0.395457 0.678774 0.369517 4.77231
400 304 0.3996 0.684387 0.367299 4.76923
400 304 0.405734 0.68921 0.363157 4.76361
400 304 0.408828 0.692029 0.357023 4.75879
400 304 0.408934 0.70001 0.353929 4.75597
400 304 0.407254 0.704948 0.353822 4.74799
400 304 0.407178 0.710503 0.355503 4.74305
400 304 0.40751 0.715302 0.355579 4.7375
400 304 0.407155 0.71879 0.355247 4.7327
400 304 0.404078 0.719212 0.355602 4.72921
400 304 0.418447 0.732954 0.358678 4.72879
400 304 0.418628 0.735855 0.34431 4.71505
400 304 0.424373 0.741644 0.344129 4.71214
400 304 0.423862 0.747248 0.338384 4.70636
400 304 0.422461 0.751365 0.338895 4.70075
400 304 0.432652 0.759885 0.340296 4.69664
400 304 0.435197 0.762599 0.330105 4.68812
400 304 0.436766 0.767747 0.327559 4.6854
400 304 0.434929 0.770577 0.325991 4.68025
400 304 0.434782 0.774622 0.327827 4.67742
400 304 0.433475 0.777102 0.327975 4.67338
400 304 0.435741 0.780637 0.329282 4.6709
400 304 0.435983 0.786317 0.327016 4.66736
400 304 0.430156 0.783199 0.326773 4.66168
400 304 0.42895 0.788566 0.332601 4.6648
400 304 0.426856 0.790385 0.333807 4.65943
400 304 0.424345 0.793469 0.335901 4.65762
400 304 0.424012 0.800006 0.338411 4.65453
400 304 0.424465 0.803333 0.338745 4.64799
400 304 0.423872 0.808023 0.338292 4.64467
400 304 0.427363 0.816636 0.338885 4.63998
400 304 0.430794 0.818732 0.335393 4.63136
400 304 0.430591 0.823736 0.331963 4.62927
400 304 0.430895 0.826926 0.332166 4.62426
400 304 0.435584 0.830928 0.331862 4.62107
400 304 0.446138 0.844561 0.327173 4.61707
400 304 0.444681 0.84963 0.316618 4.60344
400 304 0.44634 0.853484 0.318076 4.59837
400 304 0.458317 0.864584 0.316416 4.59452
400 304 0.458704 0.870447 0.30444 4.58342
400 304 0.458164 0.876476 0.304053 4.57755
400 304 0.456371 0.881936 0.304593 4.57152
400 304 0.464153 0.893409 0.306386 4.56606
400 304 0.466743 0.897801 0.298604 4.55459
400 304 0.46718 0.904626 0.296014 4.5502
400 304 0.470536 0.912215 0.295576 4.54337
400 304 0.484877 0.926182 0.29222 4.53579
400 304 0.485852 0.931957 0.27788 4.52182
400 304 0.490777 0.937877 0.276905 4.51604
400 304 0.48845 0.940909 0.27198 4.51012
400 304 0.486581 0.944241 0.274307 4.50709
400 304 0.486173 0.948333 0.276176 4.50376
400 304 0.496141 0.957857 0.276584 4.49967
400 304 0.496116 0.96233 0.266616 4.49014
400 304 0.496039 0.966557 0.26664 4.48567
400 304 0.498386 0.972216 0.266718 4.48144
400 304 0.500414 0.98002 0.264371 4.47578
400 304 0.501311 0.987843 0.262343 4.46798
400 304 0.500413 0.993709 0.261445 4.46016
400 304 0.511552 1.00529 0.262344 4.45429
400 304 0.511893 1.01103 0.251205 4.44271
400 304 0.512082 1.01502 0.250864 4.43697
400 304 0.519655 1.02328 0.250675 4.43298
400 304 0.525003 1.02621 0.243102 4.42472
400 304 0.528259 1.02977 0.237753 4.42179
400 304 0.531025 1.03643 0.234497 4.41823
400 304 0.533689 1.03902 0.231732 4.41157
400 304 0.540381 1.04481 0.229068 4.40898
400 304 0.542674 1.05343 0.222376 4.40319
400 304 0.548952 1.06058 0.220083 4.39457
400 304 0.549932 1.06587 0.213805 4.38742
400 304 0.550984 1.07299 0.212824 4.38213
400 304 0.55426 1.07638 0.211773 4.37501
400 304 0.554154 1.07967 0.208497 4.37162
400 304 0.555534 1.08625 0.208603 4.36833
400 304 0.552957 1.08903 0.207223 4.36175
400 304 0.558253 1.0926 0.2098 4.35897
400 304 0.571255 1.10408 0.204504 4.3554
400 304 0.574435 1.11101 0.191501 4.34392
400 304 0.575108 1.11463 0.188322 4.33699
400 304 0.576336 1.1171 0.187649 4.33337
400 304 0.576124 1.11779 0.186421 4.3309
400 304 0.583112 1.12547 0.186633 4.33021
400 304 0.582803 1.13025 0.179645 4.32253
400 304 0.580857 1.13323 0.179954 4.31775
400 304 0.581683 1.13805 0.181899 4.31477
400 304 0.582253 1.14217 0.181073 4.30995
400 304 0.583189 1.14632 0.180503 4.30583
400 304 0.584938 1.15243 0.179567 4.30168
400 304 0.58744 1.15307 0.177819 4.29557
400 304 0.590468 1.15905 0.175317 4.29493
400 304 0.592239 1.16175 0.172289 4.28895
400 304 0.593124 1.16879 0.170517 4.28625
400 304 0.592037 1.17402 0.169633 4.27921
400 304 0.59483 1.18321 0.17072 4.27398
400 304 0.594877 1.18815 0.167926 4.26479
400 304 0.595816 1.19834 0.167879 4.25985
400 304 0.595155 1.19938 0.16694 4.24966
400 304 0.591406 1.20145 0.167602 4.24862
400 304 0.596973 1.20783 0.171351 4.24655
400 304 0.594184 1.21112 0.165784 4.24017
400 304 0.594063 1.2173 0.168573 4.23688
400 304 0.605034 1.22627 0.168693 4.2307
400 304 0.604827 1.23295 0.157722 4.22173
400 304 0.603677 1.23578 0.157929 4.21505
400 304 0.601397 1.23719 0.15908 4.21222
400 304 0.600063 1.24443 0.161359 4.21081
400 304 0.612172 1.25576 0.162694 4.20357
400 304 0.613994 1.25989 0.150585 4.19224
400 304 0.61271 1.26814 0.148763 4.18811
400 304 0.613092 1.27611 0.150047 4.17986
400 304 0.62821 1.28716 0.149665 4.17189
400 304 0.6347 1.29422 0.134546 4.16084
400 304 0.6365 1.30047 0.128056 4.15378
400 304 0.63689 1.3051 0.126256 4.14753
400 304 0.637705 1.30803 0.125867 4.1429
400 304 0.633635 1.31085 0.125051 4.13997
400 304 0.632716 1.31241 0.129121 4.13715
400 304 0.632185 1.31832 0.13004 4.13559
400 304 0.6437 1.33005 0.130571 4.12968
400 304 0.64208 1.32989 0.119057 4.11795
400 304 0.642909 1.33468 0.120677 4.11811
400 304 0.643392 1.3417 0.119847 4.11332
400 304 0.642383 1.34576 0.119365 4.1063
400 304 0.647179 1.35219 0.120374 4.10224
400 304 0.649922 1.35753 0.115577 4.09581
400 304 0.649681 1.36175 0.112834 4.09047
400 304 0.651707 1.37037 0.113076 4.08625
400 304 0.652397 1.37442 0.111049 4.07763
400 304 0.654222 1.38384 0.11036 4.07358
400 304 0.654994 1.38841 0.108535 4.06416
400 304 0.652294 1.39232 0.107762 4.05959
400 304 0.654654 1.39708 0.110462 4.05568
400 304 0.656676 1.40192 0.108103 4.05092
400 304 0.658304 1.4071 0.106081 4.04608
400 304 0.661725 1.41166 0.104453 4.0409
400 304 0.661587 1.41503 0.101031 4.03634
400 304 0.662476 1.42306 0.10117 4.03297
400 304 0.661589 1.43012 0.100281 4.02494
400 304 0.661415 1.43484 0.101168 4.01788
400 304 0.666679 1.44348 0.101342 4.01316
400 304 0.667259 1.44776 0.0960775 4.00452
400 304 0.66825 1.45517 0.0954973 4.00024
400 304 0.669706 1.46069 0.094507 3.99283
400 304 0.669489 1.46669 0.093051 3.98731
400 304 0.669745 1.47519 0.0932679 3.98131
400 304 0.670506 1.48198 0.0930118 3.97281
400 304 0.671717 1.48941 0.0922503 3.96602
400 304 0.672886 1.49287 0.0910401 3.95859
400 304 0.672382 1.49731 0.0898706 3.95513
400 304 0.670134 1.50528 0.090375 3.95069
400 304 0.672437 1.50931 0.092623 3.94272
400 304 0.66994 1.51271 0.0903198 3.93869
400 304 0.670469 1.52097 0.0928171 3.93529
400 304 0.671128 1.52744 0.0922873 3.92703
400 304 0.671305 1.53394 0.0916283 3.92056
400 304 0.683882 1.54361 0.0914519 3.91406
400 304 0.685888 1.54824 0.078875 3.90439
400 304 0.684351 1.55552 0.0768685 3.89976
400 304 0.687686 1.56059 0.0784053 3.89248
400 304 0.689148 1.56938 0.0750706 3.88741
400 304 0.688311 1.57753 0.0736084 3.87862
400 304 0.689253 1.58616 0.0744457 3.87047
400 304 0.686632 1.59268 0.0735032 3.86184
400 304 0.692712 1.59952 0.0761247 3.85532
400 304 0.69104 1.60449 0.0700447 3.84848
400 304 0.701296 1.61324 0.0717172 3.84351
400 304 0.700932 1.61388 0.0614611 3.83476
400 304 0.702981 1.62114 0.0618251 3.83412
400 304 0.707041 1.62521 0.0597761 3.82686
400 304 0.70903 1.62978 0.0557161 3.82279
400 304 0.708226 1.6354 0.0537264 3.81822
400 304 0.710649 1.64191 0.0545307 3.8126
400 304 0.713434 1.64472 0.0521077 3.80609
400 304 0.716411 1.64875 0.0493222 3.80328
400 304 0.717548 1.65241 0.0463462 3.79925
400 304 0.719146 1.66026 0.0452085 3.79559
400 304 0.720734 1.66581 0.0436103 3.78774
400 304 0.72221 1.67095 0.0420229 3.78219
400 304 0.725469 1.67385 0.0405462 3.77705
400 304 0.737928 1.68583 0.0372879 3.77415
400 304 0.739009 1.69077 0.0248291 3.76217
400 304 0.741973 1.69657 0.023748 3.75723
400 304 0.744569 1.70099 0.020784 3.75143
400 304 0.745914 1.70291 0.0181881 3.74701
400 304 0.747565 1.70733 0.0168429 3.74509
400 304 0.749965 1.71055 0.0151918 3.74067
400 304 0.751881 1.71939 0.0127921 3.73745
400 304 0.755438 1.72573 0.0108755 3.72861
400 304 0.757024 1.72991 0.00731855 3.72227
400 304 0.756527 1.73334 0.00573228 3.71809
400 304 0.757696 1.73761 0.00622982 3.71466
400 304 0.764576 1.745 0.0050606 3.71039
400 304 0.766208 1.75252 -0.00181928 3.703
400 304 0.771679 1.76382 -0.00345166 3.69548
400 304 0.771707 1.76977 -0.00892183 3.68418
400 304 0.773626 1.77367 -0.0089498 3.67823
400 304 0.774451 1.77516 -0.0108695 3.67433
400 304 0.776428 1.77732 -0.011694 3.67284
400 304 0.778212 1.78191 -0.0136709 3.67068
400 304 0.777135 1.78618 -0.0154551 3.66609
400 304 0.778556 1.79509 -0.0143785 3.66182
400 304 0.779154 1.80262 -0.0157991 3.65291
400 304 0.784851 1.80846 -0.0163969 3.64538
400 304 0.783875 1.8133 -0.0220945 3.63954
400 304 0.782898 1.81374 -0.0211188 3.6347
400 304 0.7838 1.82207 -0.0201415 3.63426
400 304 0.783971 1.82605 -0.0210437 3.62593
400 304 0.783246 1.82658 -0.0212142 3.62195
400 304 0.782331 1.83208 -0.0204892 3.62142
400 304 0.783226 1.83692 -0.0195739 3.61592
400 304 0.785033 1.84071 -0.0204696 3.61108
400 304 0.787282 1.8463 -0.022276 3.60729
400 304 0.788641 1.8502 -0.0245257 3.6017
400 304 0.78986 1.85522 -0.0258847 3.5978
400 304 0.789702 1.86027 -0.0271035 3.59278
400 304 0.791678 1.86553 -0.0269453 3.58773
400 304 0.79275 1.86819 -0.0289213 3.58247
400 304 0.79198 1.87313 -0.0299933 3.57981
400 304 0.792992 1.87484 -0.0292234 3.57487
400 304 0.793816 1.87881 -0.0302354 3.57316
400 304 0.795047 1.88579 -0.0310593 3.56919
400 304 0.79574 1.89388 -0.0322906 3.56221
400 304 0.795879 1.89608 -0.0329838 3.55412
400 304 0.79898 1.90531 -0.0331218 3.55192
400 304 0.798436 1.90576 -0.0362228 3.54269
400 304 0.800065 1.90971 -0.0356795 3.54224
400 304 0.803139 1.91853 -0.0373079 3.53829
400 304 0.804321 1.92241 -0.0403823 3.52947
400 304 0.804815 1.92458 -0.0415643 3.52559
400 304 0.806229 1.93231 -0.0420582 3.52342
400 304 0.807302 1.9355 -0.0434721 3.51569
400 304 0.809814 1.93563 -0.0445448 3.5125
400 304 0.810808 1.93682 -0.0470576 3.51237
400 304 0.812388 1.9447 -0.0480512 3.51118
400 304 0.812742 1.95073 -0.0496311 3.5033
400 304 0.815184 1.95338 -0.0499849 3.49727
400 304 0.815358 1.95524 -0.0524276 3.49462
400 304 0.818236 1.95869 -0.0526014 3.49276
400 304 0.817321 1.96403 -0.0554797 3.48931
400 304 0.817189 1.96533 -0.0545646 3.48397
400 304 0.818617 1.9683 -0.0544325 3.48267
400 304 0.819634 1.97525 -0.0558599 3.4797
400 304 0.820693 1.97732 -0.0568773 3.47275
400 304 0.822631 1.97956 -0.0579365 3.47068
400 304 0.823513 1.98694 -0.0598741 3.46844
400 304 0.825034 1.99501 -0.0607566 3.46106
400 304 0.828851 2.00239 -0.062277 3.45299
400 304 0.831536 2.00761 -0.0660943 3.44561
400 304 0.832798 2.0147 -0.0687794 3.44039
400 304 0.835341 2.01704 -0.0700409 3.4333
400 304 0.836418 2.01975 -0.0725846 3.43096
400 304 0.838878 2.024 -0.0736615 3.42825
400 304 0.840578 2.02551 -0.0761211 3.424
400 304 0.844929 2.03008 -0.0778211 3.42249
400 304 0.845423 2.03418 -0.0821721 3.41792
400 304 0.847317 2.03755 -0.0826663 3.41382
400 304 0.848582 2.04469 -0.0845604 3.41045
400 304 0.850335 2.04991 -0.085825 3.40331
400 304 0.853272 2.05039 -0.0875783 3.39809
400 304 0.854953 2.05382 -0.0905157 3.39761
400 304 0.855706 2.05558 -0.0921964 3.39418
400 304 0.861442 2.05902 -0.0929495 3.39242
400 304 0.861715 2.05982 -0.0986853 3.38898
400 304 0.860709 2.05948 -0.0989585 3.38818
400 304 0.860642 2.0609 -0.0979527 3.38852
400 304 0.862061 2.06499 -0.0978849 3.3871
400 304 0.861379 2.07082 -0.0993041 3.38301
400 304 0.859927 2.07078 -0.0986218 3.37718
400 304 0.860622 2.07385 -0.0971698 3.37722
400 304 0.86367 2.08007 -0.0978654 3.37415
400 304 0.868281 2.08688 -0.100913 3.36793
400 304 0.869274 2.08927 -0.105524 3.36112
400 304 0.871156 2.09541 -0.106518 3.35873
400 304 0.872707 2.09699 -0.108399 3.35259
400 304 0.871711 2.10322 -0.10995 3.35101
400 304 0.87441 2.10756 -0.108955 3.34478
400 304 0.8765 2.11004 -0.111654 3.34044
400 304 0.878474 2.11127 -0.113743 3.33796
400 304 0.879465 2.11732 -0.115718 3.33673
400 304 0.879503 2.11956 -0.116709 3.33068
400 304 0.880954 2.12663 -0.116746 3.32844
400 304 0.881865 2.1316 -0.118197 3.32137
400 304 0.883076 2.13426 -0.119108 3.3164
400 304 0.882446 2.13715 -0.12032 3.31374
400 304 0.884305 2.13677 -0.11969 3.31085
400 304 0.885281 2.14289 -0.121548 3.31123
400 304 0.887782 2.14849 -0.122524 3.30511
400 304 0.890563 2.15246 -0.125025 3.29951
400 304 0.890893 2.15379 -0.127806 3.29554
400 304 0.889025 2.158 -0.128136 3.29421
400 304 0.890399 2.16296 -0.126268 3.29
400 304 0.892037 2.16726 -0.127643 3.28504
400 304 0.894866 2.16875 -0.129281 3.28074
400 304 0.896736 2.17158 -0.132109 3.27925
400 304 0.899287 2.1765 -0.13398 3.27642
400 304 0.898518 2.17455 -0.13653 3.2715
400 304 0.900655 2.17812 -0.135761 3.27345
400 304 0.902233 2.17965 -0.137898 3.26988
400 304 0.902382 2.18357 -0.139477 3.26835
400 304 0.903399 2.18437 -0.139625 3.26443
400 304 0.905544 2.18595 -0.140642 3.26363
400 304 0.905373 2.19011 -0.142787 3.26205
400 304 0.907473 2.19262 -0.142617 3.25789
400 304 0.908088 2.19515 -0.144716 3.25538
400 304 0.909892 2.19676 -0.145332 3.25285
400 304 0.912085 2.20406 -0.147135 3.25124
400 304 0.913554 2.20845 -0.149328 3.24394
400 304 0.913244 2.20894 -0.150797 3.23955
400 304 0.915547 2.21591 -0.150487 3.23906
400 304 0.916571 2.21563 -0.152791 3.23209
400 304 0.917648 2.21918 -0.153814 3.23237
400 304 0.918945 2.22163 -0.154891 3.22882
400 304 0.920033 2.22411 -0.156189 3.22637
400 304 0.92086 2.22906 -0.157277 3.22389
400 304 0.926962 2.23305 -0.158104 3.21894
400 304 0.929241 2.24015 -0.164205 3.21495
400 304 0.931355 2.23961 -0.166484 3.20785
400 304 0.933959 2.24658 -0.168599 3.20839
400 304 0.935169 2.24881 -0.171202 3.20142
400 304 0.935234 2.24969 -0.172412 3.19919
400 304 0.93758 2.2519 -0.172477 3.19831
400 304 0.939535 2.25893 -0.174823 3.1961
400 304 0.938914 2.26151 -0.176778 3.18907
400 304 0.939747 2.26263 -0.176158 3.18649
400 304 0.941478 2.26688 -0.17699 3.18537
400 304 0.943677 2.26767 -0.178721 3.18112
400 304 0.943798 2.26813 -0.18092 3.18033
400 304 0.944827 2.26948 -0.181041 3.17987
400 304 0.94556 2.27233 -0.18207 3.17852
400 304 0.946431 2.27403 -0.182803 3.17567
400 304 0.948985 2.2762 -0.183674 3.17397
400 304 0.949775 2.28199 -0.186228 3.1718
400 304 0.950985 2.28287 -0.187018 3.16601
400 304 0.953462 2.28727 -0.188229 3.16513
400 304 0.955306 2.28873 -0.190705 3.16073
400 304 0.955334 2.28922 -0.192549 3.15927
400 304 0.955981 2.29415 -0.192577 3.15878
400 304 0.956495 2.2948 -0.193225 3.15385
400 304 0.960162 2.29727 -0.193738 3.1532
400 304 0.962554 2.29682 -0.197405 3.15073
400 304 0.963602 2.29867 -0.199797 3.15118
400 304 0.965491 2.30279 -0.200846 3.14933
400 304 0.965534 2.30264 -0.202734 3.14521
400 304 0.966073 2.30274 -0.202777 3.14536
400 304 0.966387 2.30756 -0.203317 3.14526
400 304 0.968502 2.30808 -0.20363 3.14044
400 304 0.968949 2.3094 -0.205745 3.13992
400 304 0.969731 2.31223 -0.206193 3.1386
400 304 0.973667 2.31473 -0.206974 3.13577
400 304 0.974702 2.3183 -0.21091 3.13327
400 304 0.975793 2.31889 -0.211945 3.1297
400 304 0.977059 2.3238 -0.213036 3.12911
400 304 0.977195 2.32545 -0.214303 3.1242
400 304 0.979379 2.32694 -0.214439 3.12255
400 304 0.98192 2.33106 -0.216623 3.12106
400 304 0.984898 2.33328 -0.219163 3.11694
400 304 0.986155 2.33615 -0.222141 3.11472
400 304 0.988559 2.33927 -0.223398 3.11185
400 304 0.989204 2.34252 -0.225802 3.10873
400 304 0.992657 2.34906 -0.226448 3.10548
400 304 0.996321 2.35146 -0.2299 3.09894
400 304 0.997605 2.35404 -0.233564 3.09654
400 304 0.998857 2.35949 -0.234848 3.09396
400 304 1.00062 2.35989 -0.236101 3.08851
400 304 1.00085 2.36162 -0.237868 3.08811
400 304 1.00047 2.36229 -0.238093 3.08638
400 304 1.00274 2.36537 -0.237712 3.08571
400 304 1.00376 2.37084 -0.239984 3.08263
400 304 1.00645 2.37295 -0.241004 3.07716
400 304 1.00726 2.37328 -0.243693 3.07505
400 304 1.00932 2.37919 -0.244506 3.07472
400 304 1.01513 2.38305 -0.246568 3.06881
400 304 1.01554 2.38833 -0.252377 3.06495
400 304 1.01737 2.39075 -0.252785 3.05967
400 304 1.01824 2.39082 -0.254615 3.05725
400 304 1.02134 2.39775 -0.255484 3.05718
400 304 1.02463 2.39961 -0.258579 3.05025
400 304 1.02542 2.40205 -0.261872 3.04839
400 304 1.02768 2.40839 -0.262664 3.04595
400 304 1.03169 2.41056 -0.264924 3.03961
400 304 1.03339 2.41527 -0.268936 3.03744
400 304 1.03438 2.41896 -0.270629 3.03273
400 304 1.03773 2.42044 -0.271626 3.02904
400 304 1.03952 2.42202 -0.27497 3.02756
400 304 1.04223 2.4276 -0.276766 3.02598
400 304 1.04375 2.43075 -0.279475 3.0204
400 304 1.04378 2.43199 -0.280992 3.01725
400 304 1.0452 2.43415 -0.281027 3.01601
400 304 1.04849 2.43741 -0.282446 3.01385
400 304 1.05086 2.44342 -0.285734 3.01059
400 304 1.05265 2.44866 -0.288106 3.00458
400 304 1.05519 2.45501 -0.289894 2.99934
400 304 1.06119 2.4595 -0.292437 2.99299
400 304 1.06323 2.46096 -0.29843 2.9885
400 304 1.06468 2.46334 -0.300473 2.98704
400 304 1.06722 2.46958 -0.301924 2.98466
400 304 1.0695 2.47497 -0.304462 2.97842
400 304 1.07222 2.47591 -0.306738 2.97303
400 304 1.07476 2.48147 -0.309461 2.97209
400 304 1.07578 2.48254 -0.311999 2.96653
400 304 1.07685 2.48646 -0.313024 2.96546
400 304 1.07876 2.49076 -0.314093 2.96154
400 304 1.08126 2.49283 -0.315999 2.95724
400 304 1.0832 2.49363 -0.318505 2.95517
400 304 1.08567 2.49986 -0.320441 2.95437
400 304 1.08765 2.5048 -0.322911 2.94814
400 304 1.09228 2.50696 -0.32489 2.9432
400 304 1.09267 2.50884 -0.32952 2.94104
400 304 1.09387 2.51024 -0.329908 2.93916
400 304 1.09303 2.51165 -0.331112 2.93776
400 304 1.09421 2.51426 -0.330278 2.93635
400 304 1.09598 2.51597 -0.33145 2.93374
400 304 1.09705 2.51694 -0.333223 2.93203
400 304 1.09777 2.5184 -0.334293 2.93106
400 304 1.09622 2.51979 -0.33501 2.9296
400 304 1.1005 2.52396 -0.333462 2.92821
400 304 1.10555 2.52945 -0.337739 2.92404
400 304 1.10809 2.53308 -0.342791 2.91855
400 304 1.11103 2.53516 -0.345336 2.91492
400 304 1.11197 2.53792 -0.34827 2.91284
400 304 1.11185 2.53993 -0.349217 2.91008
400 304 1.11243 2.54184 -0.34909 2.90807
400 304 1.11375 2.5446 -0.349676 2.90616
400 304 1.11523 2.54698 -0.350992 2.9034
400 304 1.11515 2.54746 -0.352478 2.90102
400 304 1.12281 2.5589 -0.352398 2.90054
400 304 1.12669 2.56646 -0.360053 2.8891
400 304 1.13673 2.57813 -0.363938 2.88154
400 304 1.14425 2.58817 -0.373971 2.86987
400 304 1.15373 2.59942 -0.381488 2.85983
400 304 1.15771 2.60775 -0.390977 2.84858
400 304 1.16184 2.61647 -0.394954 2.84025
400 304 1.16604 2.62502 -0.39908 2.83153
400 304 1.16756 2.62964 -0.403283 2.82298
400 304 1.1705 2.63244 -0.404801 2.81836
400 304 1.17077 2.63493 -0.407741 2.81556
400 304 1.17556 2.63995 -0.408012 2.81307
400 304 1.17653 2.64433 -0.412806 2.80805
400 304 1.17726 2.64861 -0.413778 2.80367
400 304 1.18262 2.65324 -0.414498 2.79939
400 304 1.18508 2.65773 -0.419867 2.79476
400 304 1.1862 2.66219 -0.42232 2.79027
400 304 1.18991 2.67158 -0.423447 2.78581
400 304 1.19247 2.67983 -0.427151 2.77642
400 304 1.19279 2.68345 -0.429711 2.76817
400 304 1.19248 2.68755 -0.430035 2.76455
400 304 1.19412 2.69235 -0.429719 2.76045
400 304 1.19601 2.6973 -0.431366 2.75565
400 304 1.19871 2.70385 -0.433254 2.7507
400 304 1.20058 2.70791 -0.435949 2.74415
400 304 1.20332 2.71303 -0.437821 2.74009
400 304 1.20596 2.72023 -0.440566 2.73497
400 304 1.20858 2.72467 -0.443205 2.72777
400 304 1.21009 2.72937 -0.445827 2.72333
400 304 1.21371 2.73142 -0.447329 2.71863
400 304 1.21355 2.73652 -0.450949 2.71658
400 304 1.21519 2.74051 -0.450791 2.71148
400 304 1.21274 2.74358 -0.452428 2.70749
400 304 1.21311 2.75418 -0.449982 2.70442
400 304 1.21825 2.76503 -0.450354 2.69382
400 304 1.22056 2.7692 -0.455497 2.68297
400 304 1.22124 2.77224 -0.457805 2.6788
400 304 1.22192 2.77556 -0.458488 2.67576
400 304 1.22346 2.77948 -0.459162 2.67244
400 304 1.22434 2.78304 -0.460707 2.66852
400 304 1.22581 2.78593 -0.461581 2.66496
400 304 1.2256 2.78952 -0.463054 2.66207
400 304 1.22707 2.7939 -0.462846 2.65848
400 304 1.22788 2.79701 -0.464312 2.6541
400 304 1.22914 2.80254 -0.465124 2.65099
400 304 1.2302 2.80863 -0.466384 2.64546
400 304 1.23111 2.81198 -0.467447 2.63937
400 304 1.23207 2.81737 -0.468355 2.63602
400 304 1.23193 2.82643 -0.469311 2.63063
400 304 1.23699 2.8387 -0.469171 2.62157
400 304 1.23994 2.84347 -0.474234 2.6093
400 304 1.24038 2.84542 -0.477181 2.60453
400 304 1.24269 2.84982 -0.477618 2.60258
400 304 1.24408 2.85432 -0.479935 2.59818
400 304 1.24468 2.85947 -0.481322 2.59368
400 304 1.24547 2.86552 -0.481926 2.58853
400 304 1.24864 2.87033 -0.482709 2.58248
400 304 1.25025 2.87527 -0.48588 2.57767
400 304 1.25167 2.87975 -0.487494 2.57273
400 304 1.25066 2.88365 -0.488909 2.56825
400 304 1.25144 2.8885 -0.487906 2.56435
400 304 1.25365 2.89326 -0.488684 2.5595
400 304 1.25196 2.89784 -0.490892 2.55474
400 304 1.25296 2.90194 -0.489202 2.55016
400 304 1.25273 2.90699 -0.490203 2.54606
400 304 1.25554 2.91575 -0.489973 2.54101
400 304 1.25694 2.92107 -0.49278 2.53225
400 304 1.25772 2.92542 -0.494183 2.52693
400 304 1.25958 2.93083 -0.494962 2.52258
400 304 1.25933 2.93424 -0.496825 2.51717
400 304 1.25935 2.9388 -0.496575 2.51376
400 304 1.26103 2.94359 -0.496592 2.5092
400 304 1.26228 2.94961 -0.498276 2.50441
400 304 1.26298 2.95461 -0.499528 2.49839
400 304 1.26348 2.95804 -0.500226 2.49339
400 304 1.26583 2.96419 -0.500726 2.48996
400 304 1.26582 2.97025 -0.503073 2.48381
400 304 1.26747 2.97546 -0.503065 2.47775
400 304 1.27093 2.98715 -0.504712 2.47254
400 304 1.27097 2.98946 -0.508176 2.46085
400 304 1.27128 2.992 -0.508218 2.45854
400 304 1.27219 2.99293 -0.50852 2.456
400 304 1.26937 3.00005 -0.509433 2.45507
400 304 1.26733 3.00464 -0.506615 2.44795
400 304 1.26863 3.01267 -0.504573 2.44336
400 304 1.26951 3.01806 -0.505874 2.43533
400 304 1.26715 3.02384 -0.506754 2.42994
400 304 1.26901 3.03135 -0.504393 2.42416
400 304 1.26899 3.03519 -0.506253 2.41665
400 304 1.26882 3.04037 -0.506233 2.41281
400 304 1.27007 3.0443 -0.506066 2.40763
400 304 1.26973 3.05049 -0.50731 2.4037
400 304 1.27094 3.05735 -0.506971 2.39751
400 304 1.27158 3.06258 -0.508179 2.39065
400 304 1.27233 3.06636 -0.508821 2.38542
400 304 1.27289 3.07138 -0.509569 2.38164
400 304 1.27445 3.07801 -0.510132 2.37662
400 304 1.27312 3.08355 -0.511697 2.36999
400 304 1.27362 3.08829 -0.510363 2.36445
400 304 1.27678 3.09403 -0.510865 2.35971
400 304 1.27663 3.0985 -0.514023 2.35397
400 304 1.27682 3.1053 -0.513875 2.3495
400 304 1.27828 3.11223 -0.51406 2.3427
400 304 1.27893 3.11847 -0.515519 2.33577
400 304 1.28028 3.12651 -0.51617 2.32953
400 304 1.28197 3.13344 -0.517526 2.32149
400 304 1.28221 3.13814 -0.519217 2.31456
400 304 1.28837 3.14328 -0.519451 2.30986
400 304 1.29055 3.14992 -0.525614 2.30472
400 304 1.29215 3.15691 -0.527798 2.29808
400 304 1.29552 3.16332 -0.529391 2.29109
400 304 1.29582 3.16921 -0.532764 2.28468
400 304 1.29648 3.17201 -0.533059 2.27879
400 304 1.29702 3.17471 -0.533723 2.27599
400 304 1.30098 3.18082 -0.534264 2.27329
400 304 1.30205 3.18775 -0.538219 2.26718
400 304 1.30435 3.19443 -0.539297 2.26025
400 304 1.30895 3.20003 -0.541598 2.25357
400 304 1.31295 3.2062 -0.546189 2.24797
400 304 1.3161 3.2139 -0.550194 2.2418
400 304 1.32154 3.21755 -0.553348 2.2341
400 304 1.32561 3.22322 -0.558782 2.23045
400 304 1.32749 3.23044 -0.562853 2.22478
400 304 1.32969 3.23663 -0.564735 2.21756
400 304 1.33326 3.24284 -0.56693 2.21137
400 304 1.33414 3.24955 -0.570508 2.20516
400 304 1.33861 3.25465 -0.571383 2.19845
400 304 1.34342 3.25934 -0.575856 2.19335
400 304 1.34535 3.26525 -0.580664 2.18866
400 304 1.34769 3.27139 -0.582595 2.18275
400 304 1.35308 3.27757 -0.58493 2.17661
400 304 1.35662 3.28385 -0.590319 2.17043
400 304 1.3603 3.28968 -0.593863 2.16415
400 304 1.36495 3.29484 -0.597543 2.15832
400 304 1.36756 3.30047 -0.602198 2.15316
400 304 1.36919 3.30887 -0.604801 2.14753
400 304 1.37039 3.31624 -0.606431 2.13913
400 304 1.37381 3.32298 -0.607629 2.13176
400 304 1.37665 3.32929 -0.611054 2.12502
400 304 1.3787 3.33501 -0.613889 2.11871
400 304 1.38347 3.34249 -0.615947 2.11299
400 304 1.38562 3.34874 -0.620715 2.10551
400 304 1.3884 3.35392 -0.622863 2.09926
400 304 1.39476 3.35897 -0.625648 2.09408
400 304 1.39592 3.3617 -0.632002 2.08903
400 304 1.39851 3.36701 -0.633166 2.0863
400 304 1.40042 3.37311 -0.635752 2.08099
400 304 1.40433 3.37782 -0.637666 2.07489
400 304 1.40701 3.38514 -0.641575 2.07018
400 304 1.40815 3.39072 -0.644253 2.06286
400 304 1.40937 3.39662 -0.645394 2.05728
400 304 1.41098 3.40342 -0.646613 2.05138
400 304 1.41284 3.40894 -0.648226 2.04458
400 304 1.41825 3.4142 -0.650082 2.03906
400 304 1.42243 3.4207 -0.655493 2.0338
400 304 1.42452 3.4266 -0.659671 2.0273
400 304 1.42836 3.43185 -0.661764 2.0214
400 304 1.4302 3.43869 -0.665607 2.01615
400 304 1.43224 3.44558 -0.667447 2.00931
400 304 1.43538 3.45261 -0.669479 2.00242
400 304 1.43715 3.45878 -0.672624 1.99539
400 304 1.4412 3.46428 -0.674393 1.98922
400 304 1.44052 3.47163 -0.678443 1.98372
400 304 1.4433 3.4773 -0.677765 1.97637
400 304 1.44782 3.48354 -0.680539 1.9707
400 304 1.45306 3.48935 -0.685063 1.96446
400 304 1.45928 3.49572 -0.690304 1.95865
400 304 1.45993 3.50165 -0.69652 1.95228
400 304 1.46109 3.50883 -0.697169 1.94635
400 304 1.46278 3.5158 -0.698333 1.93917
400 304 1.46264 3.5224 -0.700021 1.9322
400 304 1.46614 3.52901 -0.699887 1.9256
400 304 1.46881 3.53893 -0.703383 1.91899
400 304 1.47366 3.54752 -0.706054 1.90907
400 304 1.47588 3.55581 -0.710905 1.90048
400 304 1.47799 3.56725 -0.713124 1.89219
400 304 1.48041 3.57675 -0.715231 1.88075
400 304 1.48211 3.58774 -0.717654 1.87125
400 304 1.48283 3.59661 -0.719349 1.86026
400 304 1.48348 3.60632 -0.720069 1.85139
400 304 1.48331 3.61761 -0.720721 1.84168
400 304 1.48314 3.62595 -0.720554 1.83039
400 304 1.48461 3.63535 -0.720379 1.82205
400 304 1.48238 3.64465 -0.721853 1.81265
400 304 1.48418 3.65606 -0.719625 1.80335
400 304 1.48273 3.6671 -0.721422 1.79194
400 304 1.48273 3.67606 -0.719972 1.7809
400 304 1.48211 3.68708 -0.719976 1.77194
400 304 1.48064 3.69587 -0.719357 1.76092
400 304 1.47884 3.70677 -0.717882 1.75213
400 304 1.47905 3.71649 -0.716083 1.74123
400 304 1.4778 3.72803 -0.716292 1.73151
400 304 1.47687 3.73749 -0.715047 1.71997
400 304 1.47511 3.74654 -0.714113 1.71051
400 304 1.47315 3.75635 -0.712356 1.70146
400 304 1.46994 3.76605 -0.710396 1.69165
400 304 1.46799 3.77435 -0.707184 1.68195
400 304 1.4653 3.78119 -0.705233 1.67365
400 304 1.4606 3.78956 -0.702548 1.66681
400 304 1.45674 3.79811 -0.697841 1.65844
400 304 1.45407 3.8056 -0.69398 1.64989
400 304 1.45566 3.80788 -0.691309 1.6424
400 304 1.45595 3.81362 -0.692908 1.64012
400 304 1.45441 3.82001 -0.693191 1.63438
400 304 1.45392 3.83198 -0.691651 1.62799
400 304 1.45466 3.83742 -0.691161 1.61602
400 304 1.45463 3.84437 -0.6919 1.61058
400 304 1.45448 3.85184 -0.691873 1.60363
400 304 1.45318 3.8594 -0.691719 1.59616
400 304 1.45139 3.86673 -0.690422 1.5886
400 304 1.45196 3.87212 -0.688633 1.58127
400 304 1.45011 3.87886 -0.689207 1.57588
400 304 1.4484 3.88555 -0.687356 1.56914
400 304 1.44736 3.89375 -0.685643 1.56245
400 304 1.44752 3.9014 -0.684607 1.55425
400 304 1.44667 3.90777 -0.68476 1.5466
400 304 1.44702 3.91603 -0.683916 1.54023
400 304 1.4468 3.92294 -0.684263 1.53197
400 304 1.44621 3.9294 -0.684039 1.52506
400 304 1.4457 3.93644 -0.683453 1.5186
400 304 1.44526 3.94383 -0.682946 1.51156
400 304 1.44437 3.95116 -0.682508 1.50417
400 304 1.44268 3.95771 -0.681614 1.49684
400 304 1.44235 3.96193 -0.679921 1.49029
400 304 1.44141 3.96867 -0.67959 1.48607
400 304 1.44032 3.97674 -0.678657 1.47933
400 304 1.44018 3.98341 -0.67756 1.47126
400 304 1.43681 3.99289 -0.677428 1.46459
400 304 1.43652 4.00225 -0.674055 1.45511
400 304 1.43688 4.00923 -0.673768 1.44575
400 304 1.43424 4.01521 -0.674124 1.43877
400 304 1.43431 4.02381 -0.671487 1.43279
400 304 1.43425 4.03095 -0.671551 1.42419
400 304 1.4329 4.03767 -0.671498 1.41705
400 304 1.43297 4.04688 -0.670147 1.41033
400 304 1.43222 4.05294 -0.670209 1.40112
400 304 1.43249 4.05883 -0.669462 1.39506
400 304 1.42909 4.06543 -0.669731 1.38917
400 304 1.4272 4.07156 -0.666336 1.38257
400 304 1.42624 4.07878 -0.664439 1.37644
400 304 1.42593 4.08518 -0.663487 1.36922
400 304 1.42675 4.09425 -0.663178 1.36282
400 304 1.42632 4.10057 -0.66399 1.35375
400 304 1.42546 4.10606 -0.663565 1.34743
400 304 1.42598 4.11542 -0.662707 1.34194
400 304 1.42607 4.12203 -0.663227 1.33258
400 304 1.42395 4.13071 -0.663311 1.32597
400 304 1.42235 4.13799 -0.661195 1.31729
400 304 1.42231 4.14397 -0.659593 1.31001
400 304 1.41933 4.15015 -0.659555 1.30403
400 304 1.41958 4.15682 -0.656576 1.29785
400 304 1.41951 4.16529 -0.656821 1.29118
400 304 1.4193 4.17173 -0.656751 1.28271
400 304 1.42025 4.17885 -0.656545 1.27627
400 304 1.42119 4.18718 -0.657497 1.26915
400 304 1.42169 4.19512 -0.658433 1.26082
400 304 1.42244 4.20269 -0.658938 1.25288
400 304 1.4212 4.2099 -0.659679 1.24531
400 304 1.41939 4.21734 -0.658443 1.2381
400 304 1.41961 4.22481 -0.656633 1.23066
400 304 1.41985 4.23279 -0.656852 1.22319
400 304 1.41956 4.24061 -0.657096 1.21521
400 304 1.41971 4.24748 -0.656805 1.20739
400 304 1.41993 4.25532 -0.65695 1.20052
400 304 1.4206 4.2627 -0.65717 1.19268
400 304 1.42142 4.27075 -0.657844 1.1853
400 304 1.41984 4.27821 -0.658665 1.17725
400 304 1.41913 4.28499 -0.657079 1.16979
400 304 1.41923 4.2931 -0.656376 1.16301
400 304 1.41979 4.30044 -0.656471 1.1549
400 304 1.41887 4.30804 -0.657031 1.14756
400 304 1.41903 4.31517 -0.656111 1.13996
400 304 1.41872 4.32238 -0.656274 1.13283
400 304 1.41642 4.32962 -0.655963 1.12562
400 304 1.41488 4.33791 -0.65366 1.11838
400 304 1.41445 4.34568 -0.652124 1.11009
400 304 1.41252 4.35276 -0.651689 1.10232
400 304 1.40783 4.37164 -0.649764 1.09524
400 304 1.40459 4.38025 -0.645075 1.07636
400 304 1.40153 4.39103 -0.641832 1.06775
400 304 1.39842 4.40247 -0.63877 1.05697
400 304 1.3959 4.41597 -0.635667 1.04553
400 304 1.3959 4.42133 -0.633141 1.03203
400 304 1.39389 4.42367 -0.633141 1.02667
400 304 1.3925 4.42742 -0.631137 1.02433
400 304 1.39168 4.43339 -0.629748 1.02058
400 304 1.3906 4.43934 -0.628924 1.01461
400 304 1.38749 4.44562 -0.627844 1.00866
400 304 1.38359 4.45116 -0.624734 1.00238
400 304 1.38147 4.45621 -0.620835 0.996835
400 304 1.37905 4.46265 -0.618712 0.991792
400 304 1.37876 4.46909 -0.616292 0.985355
400 304 1.37775 4.47428 -0.616007 0.978914
400 304 1.37564 4.48038 -0.614989 0.973723
400 304 1.37171 4.4882 -0.612885 0.967615
400 304 1.37037 4.4932 -0.608949 0.959799
400 304 1.36908 4.4983 -0.607612 0.954802
400 304 1.36741 4.50297 -0.60632 0.9497
400 304 1.36584 4.50805 -0.604649 0.945031
400 304 1.36333 4.51327 -0.603078 0.939948
400 304 1.36035 4.51969 -0.600576 0.934728
400 304 1.35934 4.52452 -0.597597 0.928306
400 304 1.35806 4.53088 -0.596588 0.923483
400 304 1.35551 4.5355 -0.595303 0.917118
400 304 1.3553 4.54045 -0.592757 0.912502
400 304 1.35235 4.54628 -0.592547 0.907551
400 304 1.35019 4.55094 -0.589597 0.901721
400 304 1.34726 4.55849 -0.587432 0.897059
400 304 1.34499 4.56338 -0.584508 0.889511
400 304 1.34325 4.56807 -0.582233 0.884618
400 304 1.34286 4.57317 -0.580491 0.879928
400 304 1.34127 4.57885 -0.580106 0.874826
400 304 1.3388 4.58355 -0.578514 0.869145
400 304 1.33663 4.58866 -0.576044 0.864454
400 304 1.33441 4.59516 -0.573868 0.859343
400 304 1.33353 4.60238 -0.571649 0.852843
400 304 1.33344 4.60826 -0.570775 0.845622
400 304 1.33085 4.6121 -0.570683 0.839736
400 304 1.32819 4.61641 -0.568095 0.835905
400 304 1.3278 4.62185 -0.565438 0.831588
400 304 1.32489 4.62662 -0.565041 0.82615
400 304 1.32398 4.63386 -0.56213 0.821379
400 304 1.32113 4.63761 -0.561227 0.814143
400 304 1.32073 4.64247 -0.558369 0.810389
400 304 1.31833 4.64728 -0.55797 0.805529
400 304 1.31837 4.65313 -0.555577 0.800721
400 304 1.318 4.65894 -0.555615 0.794868
400 304 1.31593 4.66355 -0.555242 0.789061
400 304 1.31616 4.66883 -0.553178 0.784447
400 304 1.31612 4.67545 -0.553402 0.77917
400 304 1.31389 4.68246 -0.553361 0.772553
400 304 1.31375 4.68747 -0.551133 0.765536
400 304 1.31142 4.69412 -0.550991 0.76053
400 304 1.31128 4.69848 -0.548661 0.75388
400 304 1.3091 4.70678 -0.548523 0.749516
400 304 1.30711 4.71314 -0.546348 0.741216
400 304 1.30702 4.71776 -0.544355 0.734856
400 304 1.30535 4.72228 -0.54426 0.730238
400 304 1.30339 4.72856 -0.542594 0.725723
400 304 1.30175 4.73288 -0.540635 0.719437
400 304 1.29972 4.73939 -0.538992 0.715124
400 304 1.2978 4.74263 -0.536968 0.708611
400 304 1.29678 4.74853 -0.535039 0.705371
400 304 1.29678 4.74853 -0.534021 0.699473
400 304 1.29678 4.74853 -0.534021 0.699473
400 304 1.29678 4.74853 -0.534021 0.699473
400 304 1.29678 4.74853 -0.534021 0.699473
400 304 1.29678 4.74853 -0.534021 0.699473
400 304 1.29678 4.74853 -0.534021 0.699473
400 304 1.29678 4.74853 -0.534021 0.699473
400 304 1.29678 4.74853 -0.534021 0.699473
400 304 1.29678 4.74853 -0.534021 0.699473
400 304 1.29678 4.74853 -0.534021 0.699473
400 304 1.29678 4.74853 -0.534021 0.699473
400 304 1.29678 4.74853 -0.534021 0.699473
400 304 1.29678 4.74853 -0.534021 0.699473
400 304 1.29678 4.74853 -0.534021 0.699473
400 304 1.29678 4.74853 -0.534021 0.699473
400 304 1.29678 4.74853 -0.534021 0.699473
400 304 1.29678 4.74853 -0.534021 0.699473
400 304 1.29678 4.74853 -0.534021 0.699473
400 304 1.29678 4.74853 -0.534021 0.699473
400 304 1.29678 4.74853 -0.534021 0.699473
400 304 1.29678 4.74853 -0.534021 0.699473
400 304 1.29678 4.74853 -0.534021 0.699473
400 304 1.29678 4.74853 -0.534021 0.699473
400 304 1.29678 4.74853 -0.534021 0.699473
400 304 1.29678 4.74853 -0.534021 0.699473
400 304 1.29678 4.74853 -0.534021 0.699473
400 304 1.29678 4.74853 -0.534021 0.699473
400 304 1.29678 4.74853 -0.534021 0.699473
400 304 1.29678 4.74853 -0.534021 0.699473
400 304 1.29678 4.74853 -0.534021 0.699473
400 304 1.29678 4.74853 -0.534021 0.699473
400 304 1.29678 4.74853 -0.534021 0.699473
400 304 1.29678 4.74853 -0.534021 0.699473
400 304 1.29678 4.74853 -0.534021 0.699473
400 304 1.29678 4.74853 -0.534021 0.699473
400 304 1.29678 4.74853 -0.534021 0.699473
400 304 1.29678 4.74853 -0.534021 0.699473
400 304 1.29678 4.74853 -0.534021 0.699473
400 304 1.29678 4.74853 -0.534021 0.699473
400 304 1.29678 4.74853 -0.534021 0.699473
400 304 1.29678 4.74853 -0.534021 0.699473
400 304 1.29678 4.74853 -0.534021 0.699473
