0 0 0 0
343 224 -0.000568905 -0.00119593
355 203 5.96585e-05 -0.000614855
296 130 -0.00163503 0.00164022
295 22 -0.000983847 0.000666298
284 0 -0.00255463 -0.00251721
271 0 -0.00339847 -0.00318862
284 0 -0.0029639 -0.00357184
215 0 -0.00570233 -0.00394467
282 0 -0.00377471 -0.00223706
298 2 -0.00299775 -0.00836402
305 0 -0.00575889 -0.00334848
308 0 -0.00329908 -0.00957069
308 0 -0.00144932 -0.00365839
308 0 -0.00156857 -0.00751181
308 0 0.00199495 -0.0101842
309 0 0.00105214 -0.0104586
309 0 0.00118223 -0.0101124
307 0 0.00244824 -0.00882116
302 0 0.00233262 -0.0147425
303 0 0.000396611 -0.00806405
306 0 0.00315367 -0.0101058
305 0 0.00222188 -0.0104989
304 0 0.00212181 -0.00818144
314 22 0.00258015 -0.0143084
314 24 0.00522952 -0.0175721
314 25 0.00583849 -0.0223571
312 28 0.00460249 -0.0151972
311 25 0.003724 -0.0216896
321 16 0.00435118 -0.0233207
361 6 0.00513613 -0.0185981
344 24 0.00669672 -0.0231993
323 20 0.00449003 -0.0199277
347 27 0.0017605 -0.0212553
349 48 0.00285412 -0.0184657
334 38 0.00379546 -0.0197108
325 17 0.00326174 -0.0126797
333 10 0.00338536 -0.0158927
338 36 0.00334033 -0.0161997
369 202 0.00328766 -0.0195406
370 204 0.0040659 -0.0221309
385 238 0.00207429 -0.0160667
365 170 0.00572389 0.0228696
334 10 0.00693608 0.0633047
333 8 0.00991403 0.0993145
332 8 0.0116182 0.10777
329 138 0.0117881 0.108114
354 146 0.0111935 0.110225
352 145 0.0103856 0.110484
350 142 0.0112437 0.148585
378 132 0.0121992 0.191042
394 130 0.0136006 0.231555
401 134 0.014948 0.269677
409 120 0.0170855 0.310473
585 134 0.0168505 0.354481
584 134 0.018622 0.393258
586 133 0.0206959 0.440739
605 116 0.022748 0.477111
620 102 0.0249809 0.509905
622 98 0.0270123 0.53877
639 92 0.0283519 0.565751
640 84 0.0288439 0.59478
640 78 0.0316646 0.619611
616 156 0.0308633 0.641542
640 124 0.0309517 0.663319
640 83 0.0288752 0.689863
636 122 0.0297099 0.70845
626 183 0.0297163 0.721943
630 181 0.0291657 0.729125
630 179 0.0291902 0.732418
640 98 0.0297582 0.740678
565 198 0.0302602 0.745974
564 197 0.0285609 0.752126
640 95 0.0288092 0.764067
619 109 0.0300029 0.774851
615 111 0.0290053 0.787225
609 118 0.0287087 0.789765
607 125 0.0307766 0.80114
611 124 0.0312177 0.807659
640 113 0.0334873 0.816547
573 126 0.0321714 0.81699
521 118 0.0340385 0.817847
446 160 0.0346091 0.817861
483 142 0.0322365 0.817094
558 90 0.0300226 0.835373
471 98 0.0301356 0.846867
472 106 0.0344591 0.863438
575 68 0.0344776 0.876515
595 54 0.0367564 0.889103
595 54 -0.292435 1.03127
595 54 -0.293172 1.03954
595 54 -0.293049 1.04002
595 54 -0.293802 1.04069
595 54 -0.290974 1.04524
607 49 -0.2901 1.04349
640 32 -0.290073 1.04526
640 66 -0.28919 1.04454
640 90 -0.289093 1.04588
560 161 -0.283479 1.05249
627 96 -0.534654 1.14779
634 88 -0.856926 1.21499
535 124 -0.852151 1.21597
477 144 -1.19509 1.32391
477 141 -1.44878 1.39353
537 105 -1.44035 1.41153
437 116 -1.43202 1.42305
446 112 -1.41449 1.44103
509 81 -1.40253 1.46368
431 79 -1.39084 1.47528
432 79 -1.36984 1.48881
309 118 -1.35417 1.51106
313 163 -1.3406 1.52736
312 156 -1.32751 1.54296
304 151 -1.31344 1.55619
293 160 -1.2979 1.5724
290 122 -1.28361 1.59485
292 116 -1.26923 1.61225
285 113 -1.2523 1.63227
279 113 -1.23419 1.655
276 106 -1.21585 1.67552
276 94 -1.19747 1.69943
266 73 -1.1733 1.72329
258 58 -1.14943 1.7512
255 49 -1.12815 1.77504
250 38 -1.12282 1.77642
255 40 -1.12522 1.77776
292 120 -1.123 1.77646
301 139 -1.12191 1.77573
273 68 -1.11603 1.77888
277 84 -1.09479 1.80209
286 102 -1.07221 1.82987
278 91 -1.04935 1.85856
268 72 -1.02575 1.88752
271 77 -1.00393 1.91606
272 84 -0.981121 1.94631
262 67 -0.955688 1.97381
257 60 -0.935709 2.00147
258 68 -0.91141 2.03035
253 70 -0.8894 2.05861
248 66 -0.866374 2.08709
297 136 -0.842632 2.12033
326 214 -0.819616 2.14859
322 226 -0.797124 2.17698
320 229 -0.776429 2.20524
320 230 -0.755787 2.23017
320 229 -0.736684 2.25695
320 227 -0.714079 2.28406
320 227 -0.690281 2.31353
315 235 -0.668545 2.34302
220 264 -0.648064 2.37167
269 247 -0.625471 2.40338
302 230 -0.596875 2.43166
259 256 -0.579017 2.45049
272 217 -0.559237 2.46957
280 218 -0.53826 2.49843
276 220 -0.51673 2.53557
273 207 -0.497103 2.56388
230 186 -0.478931 2.59272
286 187 -0.455024 2.6235
291 190 -0.439481 2.6479
232 240 -0.418561 2.67719
456 292 -0.400517 2.70317
560 324 -0.375819 2.73341
339 251 -0.356515 2.76424
194 271 -0.349102 2.78636
0 292 -0.342073 2.78753
0 254 -0.318074 2.81534
212 208 -0.286639 2.86456
223 218 -0.261248 2.89984
366 231 -0.242995 2.92856
367 228 -0.221024 2.95638
368 229 -0.200747 2.99064
371 187 -0.181799 3.01602
355 159 -0.162226 3.04974
343 200 -0.139584 3.08283
357 176 -0.122176 3.11178
335 120 -0.103115 3.14441
156 60 -0.0844631 3.17954
315 146 -0.0660157 3.21144
317 148 -0.0476725 3.24324
319 150 -0.029831 3.2753
306 130 -0.0135184 3.30729
257 112 0.00459953 3.3452
462 148 0.0240166 3.38056
488 148 0.0426413 3.41957
490 145 0.062561 3.4546
488 134 0.0784006 3.48918
542 106 0.100342 3.52864
540 112 0.118075 3.56171
523 106 0.1438 3.60037
277 122 0.163002 3.63349
272 130 0.178912 3.66469
266 147 0.193525 3.69903
190 172 0.208689 3.73367
187 174 0.232926 3.7696
246 135 0.250184 3.80159
172 188 0.271708 3.83371
166 208 0.298818 3.86775
165 206 0.317404 3.90479
157 194 0.343423 3.94174
120 184 0.366575 3.98041
0 30 0.38841 4.01925
170 149 0.407412 4.05573
249 138 0.411391 4.06197
158 160 0.414166 4.06929
153 152 0.431013 4.09905
231 116 0.450792 4.1304
234 115 0.471293 4.16283
118 138 0.491341 4.19521
119 140 0.513333 4.23255
126 121 0.535317 4.27846
131 106 0.556876 4.32274
279 141 0.577511 4.37398
282 140 0.595164 4.42434
284 139 0.607096 4.45403
280 132 0.6211 4.48968
279 127 0.630652 4.52477
284 122 0.638127 4.55798
282 113 0.643709 4.59273
278 109 0.652454 4.62874
280 107 0.660199 4.66732
280 103 0.665628 4.70178
517 209 0.670046 4.73479
405 82 0.676761 4.76774
535 129 0.681365 4.8033
516 124 0.68295 4.83256
388 111 0.687952 4.86397
389 108 0.69075 4.88888
372 106 0.69164 4.9199
348 125 0.695311 4.95266
298 101 0.697316 4.99054
358 83 0.699682 5.02545
388 90 0.700412 5.06393
564 120 0.700633 5.0988
559 89 0.703031 5.13635
536 79 0.709949 5.17861
431 84 0.715971 5.21746
346 92 0.72282 5.25546
346 92 0.725254 5.29023
343 89 0.730586 5.32426
336 89 0.736053 5.35674
326 94 0.742485 5.39014
323 88 0.749765 5.42542
211 79 0.757142 5.46105
66 110 0.764798 5.49715
66 112 0.768687 5.52933
78 105 0.768703 5.56445
351 107 0.767902 5.5979
352 107 0.766334 5.64138
352 106 0.767291 5.67417
355 102 0.766832 5.70454
357 100 0.765506 5.73286
358 94 0.764512 5.7633
436 86 0.761481 5.78593
456 84 0.756829 5.81287
541 119 0.752273 5.84397
552 82 0.747992 5.87257
548 76 0.744472 5.90102
532 68 0.742778 5.92296
361 85 0.73876 5.94311
359 88 0.74196 5.9684
500 69 0.735499 5.99444
370 81 0.735718 6.02564
361 52 0.735894 6.05643
364 0 0.73661 6.08822
366 0 0.733305 6.09758
295 17 0.735707 6.09529
0 134 0.735365 6.09486
277 0 0.735333 6.09509
287 0 0.731753 6.10242
186 52 0.735128 6.10501
230 40 0.734511 6.10471
268 34 0.734567 6.10481
268 28 0.737158 6.10444
